model,backend,precision,tag,batch,graph_opt_level,intra_op_threads,rep,flops_approx_g,mean_lat_ms,p95_lat_ms,throughput_qps,mean_power_w,idle_power_w,energy_j_per_inf,energy_net_j_per_inf,edp,static_share_pct,samples,run_wall_s,gpu_index,gpu_name,driver_version,sm_clock_mhz,max_sm_clock_mhz,power_limit_w,temp_gpu_c,util_gpu_pct
mobilenetv2,ort-cuda,fp32,mobilenetv2-ort-fp32-opt0-b1,1,0,0,1,0.31,1.0006,1.0277,998.91,97.444,54.975,0.097503,0.042495,9.7563e-05,56.4,72,20.0,0,NVIDIA GeForce RTX 4090,580.105.08,2730,3105,450.00,37,47
mobilenetv2,ort-cuda,fp32,mobilenetv2-ort-fp32-opt0-b1,1,0,0,2,0.31,0.9987,1.0281,1000.72,99.6668,54.975,0.099541,0.044636,9.9416e-05,55.2,71,20.0,0,NVIDIA GeForce RTX 4090,580.105.08,2730,3105,450.00,38,47
mobilenetv2,ort-cuda,fp32,mobilenetv2-ort-fp32-opt0-b1,1,0,0,3,0.31,1.0032,1.0483,996.3,99.6899,54.975,0.100009,0.044858,0.000100329,55.1,72,20.0,0,NVIDIA GeForce RTX 4090,580.105.08,2730,3105,450.00,40,47
mobilenetv2,ort-cuda,fp32,mobilenetv2-ort-fp32-opt0-b1,1,0,0,4,0.31,1.0021,1.0283,997.39,100.4889,54.975,0.100702,0.04561,0.000100915,54.7,71,20.0,0,NVIDIA GeForce RTX 4090,580.105.08,2730,3105,450.00,41,47
mobilenetv2,ort-cuda,fp32,mobilenetv2-ort-fp32-opt0-b1,1,0,0,5,0.31,1.003,1.0439,996.47,101.6708,54.975,0.101981,0.046838,0.000102292,54.1,72,20.0,0,NVIDIA GeForce RTX 4090,580.105.08,2730,3105,450.00,40,0
mobilenetv2,ort-cuda,fp32,mobilenetv2-ort-fp32-opt0-b1,1,0,0,6,0.31,1.0058,1.0455,993.75,101.0903,54.975,0.101673,0.046381,0.00010226,54.4,71,20.0,0,NVIDIA GeForce RTX 4090,580.105.08,2730,3105,450.00,41,47
mobilenetv2,ort-cuda,fp32,mobilenetv2-ort-fp32-opt0-b1,1,0,0,7,0.31,1.0026,1.0385,996.94,101.8241,54.975,0.102085,0.046969,0.000102347,54.0,73,20.0,0,NVIDIA GeForce RTX 4090,580.105.08,2730,3105,450.00,40,0
mobilenetv2,ort-cuda,fp32,mobilenetv2-ort-fp32-opt0-b1,1,0,0,8,0.31,1.0038,1.0458,995.73,101.6819,54.975,0.102067,0.046884,0.000102454,54.1,70,20.0,0,NVIDIA GeForce RTX 4090,580.105.08,2730,3105,450.00,41,47
mobilenetv2,ort-cuda,fp32,mobilenetv2-ort-fp32-opt0-b16,16,0,0,1,0.31,2.4868,2.5563,402.03,259.9246,57.69,0.646387,0.502922,0.00160745,22.2,70,20.0,0,NVIDIA GeForce RTX 4090,580.105.08,2700,3105,450.00,51,96
mobilenetv2,ort-cuda,fp32,mobilenetv2-ort-fp32-opt0-b16,16,0,0,2,0.31,2.4845,2.5357,402.41,265.911,57.69,0.660646,0.517317,0.00164135,21.7,71,20.0,0,NVIDIA GeForce RTX 4090,580.105.08,2700,3105,450.00,53,46
mobilenetv2,ort-cuda,fp32,mobilenetv2-ort-fp32-opt0-b16,16,0,0,3,0.31,2.4858,2.5338,402.19,270.7374,57.69,0.673011,0.529602,0.001672999,21.3,70,20.0,0,NVIDIA GeForce RTX 4090,580.105.08,2700,3105,450.00,61,95
mobilenetv2,ort-cuda,fp32,mobilenetv2-ort-fp32-opt0-b16,16,0,0,4,0.31,2.4905,2.5449,401.43,273.3669,57.69,0.680829,0.53715,0.001695626,21.1,70,20.0,0,NVIDIA GeForce RTX 4090,580.105.08,2700,3105,450.00,62,96
mobilenetv2,ort-cuda,fp32,mobilenetv2-ort-fp32-opt0-b16,16,0,0,5,0.31,2.4899,2.5401,401.52,271.9444,57.69,0.677128,0.533483,0.001686014,21.2,73,20.0,0,NVIDIA GeForce RTX 4090,580.105.08,2700,3105,450.00,53,93
mobilenetv2,ort-cuda,fp32,mobilenetv2-ort-fp32-opt0-b16,16,0,0,6,0.31,2.4933,2.5443,400.98,270.2774,57.69,0.673891,0.53005,0.001680232,21.3,69,20.0,0,NVIDIA GeForce RTX 4090,580.105.08,2700,3105,450.00,63,96
mobilenetv2,ort-cuda,fp32,mobilenetv2-ort-fp32-opt0-b16,16,0,0,7,0.31,2.4905,2.544,401.43,275.002,57.69,0.684899,0.541221,0.001705759,21.0,71,20.0,0,NVIDIA GeForce RTX 4090,580.105.08,2700,3105,450.00,60,95
mobilenetv2,ort-cuda,fp32,mobilenetv2-ort-fp32-opt0-b16,16,0,0,8,0.31,2.4899,2.5388,401.52,275.2671,57.69,0.6854,0.541755,0.001706607,21.0,69,20.0,0,NVIDIA GeForce RTX 4090,580.105.08,2700,3105,450.00,56,96
mobilenetv2,ort-cuda,fp32,mobilenetv2-ort-fp32-opt1-b1,1,1,0,1,0.31,0.9688,1.016,1031.66,106.7646,62.56,0.103433,0.042825,0.000100205,58.6,72,20.0,0,NVIDIA GeForce RTX 4090,580.105.08,2715,3105,450.00,49,49
mobilenetv2,ort-cuda,fp32,mobilenetv2-ort-fp32-opt1-b1,1,1,0,2,0.31,0.9764,1.0408,1023.59,105.3719,62.56,0.102885,0.041802,0.000100458,59.4,70,20.0,0,NVIDIA GeForce RTX 4090,580.105.08,2715,3105,450.00,46,49
mobilenetv2,ort-cuda,fp32,mobilenetv2-ort-fp32-opt1-b1,1,1,0,3,0.31,0.9695,0.995,1030.93,104.8729,62.56,0.10167,0.041021,9.8566e-05,59.7,72,20.0,0,NVIDIA GeForce RTX 4090,580.105.08,2715,3105,450.00,45,48
mobilenetv2,ort-cuda,fp32,mobilenetv2-ort-fp32-opt1-b1,1,1,0,4,0.31,0.9719,1.016,1028.34,104.0785,62.56,0.101154,0.040352,9.8312e-05,60.1,72,20.0,0,NVIDIA GeForce RTX 4090,580.105.08,2715,3105,450.00,44,48
mobilenetv2,ort-cuda,fp32,mobilenetv2-ort-fp32-opt1-b1,1,1,0,5,0.31,0.975,1.0339,1025.1,103.4649,62.56,0.100876,0.039881,9.8352e-05,60.5,72,20.0,0,NVIDIA GeForce RTX 4090,580.105.08,2715,3105,450.00,44,48
mobilenetv2,ort-cuda,fp32,mobilenetv2-ort-fp32-opt1-b1,1,1,0,6,0.31,0.9731,1.0163,1027.1,103.7606,62.56,0.100968,0.040092,9.825e-05,60.3,72,20.0,0,NVIDIA GeForce RTX 4090,580.105.08,2715,3105,450.00,41,49
mobilenetv2,ort-cuda,fp32,mobilenetv2-ort-fp32-opt1-b1,1,1,0,7,0.31,0.9759,1.0443,1024.15,103.1148,62.56,0.100627,0.039576,9.82e-05,60.7,71,20.0,0,NVIDIA GeForce RTX 4090,580.105.08,2715,3105,450.00,43,47
mobilenetv2,ort-cuda,fp32,mobilenetv2-ort-fp32-opt1-b1,1,1,0,8,0.31,0.9756,1.033,1024.48,103.2358,62.56,0.100715,0.039682,9.8255e-05,60.6,72,20.0,0,NVIDIA GeForce RTX 4090,580.105.08,2715,3105,450.00,42,49
mobilenetv2,ort-cuda,fp32,mobilenetv2-ort-fp32-opt1-b16,16,1,0,1,0.31,2.4863,2.552,402.11,261.1501,58.29,0.649294,0.504368,0.00161433,22.3,70,20.0,0,NVIDIA GeForce RTX 4090,580.105.08,2700,3105,450.00,57,95
mobilenetv2,ort-cuda,fp32,mobilenetv2-ort-fp32-opt1-b16,16,1,0,2,0.31,2.4816,2.5396,402.86,268.1625,58.29,0.665472,0.52082,0.001651437,21.7,72,20.0,0,NVIDIA GeForce RTX 4090,580.105.08,2700,3105,450.00,60,96
mobilenetv2,ort-cuda,fp32,mobilenetv2-ort-fp32-opt1-b16,16,1,0,3,0.31,2.4845,2.5322,402.4,271.9792,58.29,0.675737,0.530914,0.00167888,21.4,71,20.0,0,NVIDIA GeForce RTX 4090,580.105.08,2700,3105,450.00,54,95
mobilenetv2,ort-cuda,fp32,mobilenetv2-ort-fp32-opt1-b16,16,1,0,4,0.31,2.4874,2.5541,401.93,273.6599,58.29,0.680692,0.535703,0.001693128,21.3,69,20.0,0,NVIDIA GeForce RTX 4090,580.105.08,2700,3105,450.00,63,95
mobilenetv2,ort-cuda,fp32,mobilenetv2-ort-fp32-opt1-b16,16,1,0,5,0.31,2.4859,2.5456,402.17,274.4927,58.29,0.682362,0.537459,0.001696284,21.2,70,20.0,0,NVIDIA GeForce RTX 4090,580.105.08,2700,3105,450.00,63,95
mobilenetv2,ort-cuda,fp32,mobilenetv2-ort-fp32-opt1-b16,16,1,0,6,0.31,2.4896,2.5507,401.57,273.2817,58.29,0.680367,0.535247,0.001693855,21.3,70,20.0,0,NVIDIA GeForce RTX 4090,580.105.08,2700,3105,450.00,64,96
mobilenetv2,ort-cuda,fp32,mobilenetv2-ort-fp32-opt1-b16,16,1,0,7,0.31,2.4876,2.5399,401.9,274.7396,58.29,0.683439,0.538438,0.001700117,21.2,71,20.0,0,NVIDIA GeForce RTX 4090,580.105.08,2700,3105,450.00,64,66
mobilenetv2,ort-cuda,fp32,mobilenetv2-ort-fp32-opt1-b16,16,1,0,8,0.31,2.4864,2.5512,402.08,274.3684,58.29,0.682202,0.537267,0.001696257,21.2,70,20.0,0,NVIDIA GeForce RTX 4090,580.105.08,2700,3105,450.00,59,95
mobilenetv2,ort-cuda,fp32,mobilenetv2-ort-fp32-opt2-b1,1,2,0,1,0.31,0.9896,1.0331,1010.0,105.9838,62.74,0.104879,0.042793,0.000103785,59.2,72,20.0,0,NVIDIA GeForce RTX 4090,580.105.08,2715,3105,450.00,49,48
mobilenetv2,ort-cuda,fp32,mobilenetv2-ort-fp32-opt2-b1,1,2,0,2,0.31,0.9924,1.0573,1007.06,105.5571,62.74,0.104759,0.042493,0.000103967,59.4,72,20.0,0,NVIDIA GeForce RTX 4090,580.105.08,2715,3105,450.00,47,45
mobilenetv2,ort-cuda,fp32,mobilenetv2-ort-fp32-opt2-b1,1,2,0,3,0.31,0.9932,1.0425,1006.34,104.5399,62.74,0.103824,0.041514,0.000103113,60.0,71,20.0,0,NVIDIA GeForce RTX 4090,580.105.08,2715,3105,450.00,45,48
mobilenetv2,ort-cuda,fp32,mobilenetv2-ort-fp32-opt2-b1,1,2,0,4,0.31,0.9921,1.0601,1007.37,103.4516,62.74,0.102639,0.040392,0.000101833,60.6,70,20.0,0,NVIDIA GeForce RTX 4090,580.105.08,2715,3105,450.00,45,48
mobilenetv2,ort-cuda,fp32,mobilenetv2-ort-fp32-opt2-b1,1,2,0,5,0.31,0.9856,1.0209,1014.06,103.4721,62.74,0.101983,0.040146,0.000100515,60.6,71,20.0,0,NVIDIA GeForce RTX 4090,580.105.08,2715,3105,450.00,44,48
mobilenetv2,ort-cuda,fp32,mobilenetv2-ort-fp32-opt2-b1,1,2,0,6,0.31,0.9915,1.0575,1008.06,102.9008,62.74,0.102023,0.039818,0.000101154,61.0,71,20.0,0,NVIDIA GeForce RTX 4090,580.105.08,2715,3105,450.00,42,48
mobilenetv2,ort-cuda,fp32,mobilenetv2-ort-fp32-opt2-b1,1,2,0,7,0.31,0.9881,1.0289,1011.54,102.871,62.74,0.101644,0.039652,0.000100431,61.0,70,20.0,0,NVIDIA GeForce RTX 4090,580.105.08,2715,3105,450.00,43,48
mobilenetv2,ort-cuda,fp32,mobilenetv2-ort-fp32-opt2-b1,1,2,0,8,0.31,0.9923,1.0461,1007.25,101.9331,62.74,0.101144,0.03889,0.000100361,61.6,70,20.0,0,NVIDIA GeForce RTX 4090,580.105.08,2715,3105,450.00,42,46
mobilenetv2,ort-cuda,fp32,mobilenetv2-ort-fp32-opt2-b16,16,2,0,1,0.31,2.4888,2.5784,401.71,260.2685,58.25,0.647745,0.502775,0.001612082,22.4,71,20.0,0,NVIDIA GeForce RTX 4090,580.105.08,2700,3105,450.00,54,95
mobilenetv2,ort-cuda,fp32,mobilenetv2-ort-fp32-opt2-b16,16,2,0,2,0.31,2.4864,2.5379,402.09,270.6197,58.25,0.672863,0.528031,0.001672991,21.5,68,20.0,0,NVIDIA GeForce RTX 4090,580.105.08,2700,3105,450.00,60,96
mobilenetv2,ort-cuda,fp32,mobilenetv2-ort-fp32-opt2-b16,16,2,0,3,0.31,2.486,2.5402,402.15,271.2901,58.25,0.674432,0.529621,0.00167665,21.5,69,20.0,0,NVIDIA GeForce RTX 4090,580.105.08,2700,3105,450.00,62,96
mobilenetv2,ort-cuda,fp32,mobilenetv2-ort-fp32-opt2-b16,16,2,0,4,0.31,2.4844,2.55,402.41,275.5,58.25,0.684457,0.539739,0.001700475,21.1,70,20.0,0,NVIDIA GeForce RTX 4090,580.105.08,2700,3105,450.00,63,95
mobilenetv2,ort-cuda,fp32,mobilenetv2-ort-fp32-opt2-b16,16,2,0,5,0.31,2.487,2.5587,402.0,275.3804,58.25,0.684861,0.539995,0.001703223,21.2,70,20.0,0,NVIDIA GeForce RTX 4090,580.105.08,2700,3105,450.00,64,96
mobilenetv2,ort-cuda,fp32,mobilenetv2-ort-fp32-opt2-b16,16,2,0,6,0.31,2.4863,2.5356,402.11,274.5946,58.25,0.682716,0.537891,0.001697415,21.2,71,20.0,0,NVIDIA GeForce RTX 4090,580.105.08,2700,3105,450.00,57,95
mobilenetv2,ort-cuda,fp32,mobilenetv2-ort-fp32-opt2-b16,16,2,0,7,0.31,2.4874,2.5395,401.92,271.4896,58.25,0.67531,0.530417,0.001679781,21.5,71,20.0,0,NVIDIA GeForce RTX 4090,580.105.08,2700,3105,450.00,64,95
mobilenetv2,ort-cuda,fp32,mobilenetv2-ort-fp32-opt2-b16,16,2,0,8,0.31,2.4879,2.5521,401.85,275.2011,58.25,0.684668,0.539749,0.001703375,21.2,70,20.0,0,NVIDIA GeForce RTX 4090,580.105.08,2700,3105,450.00,64,96
mobilenetv2,ort-cuda,fp32,mobilenetv2-ort-fp32-opt99-b1,1,99,0,1,0.31,0.9746,1.0082,1025.54,105.5225,62.1033,0.102837,0.042314,0.00010022,58.9,72,20.0,0,NVIDIA GeForce RTX 4090,580.105.08,2715,3105,450.00,48,49
mobilenetv2,ort-cuda,fp32,mobilenetv2-ort-fp32-opt99-b1,1,99,0,2,0.31,0.98,1.0402,1019.86,104.5983,62.1033,0.102501,0.041643,0.000100446,59.4,71,20.0,0,NVIDIA GeForce RTX 4090,580.105.08,2715,3105,450.00,46,48
mobilenetv2,ort-cuda,fp32,mobilenetv2-ort-fp32-opt99-b1,1,99,0,3,0.31,0.9741,0.9889,1026.04,104.1222,62.1033,0.101423,0.04093,9.8794e-05,59.6,73,20.0,0,NVIDIA GeForce RTX 4090,580.105.08,2715,3105,450.00,45,48
mobilenetv2,ort-cuda,fp32,mobilenetv2-ort-fp32-opt99-b1,1,99,0,4,0.31,0.9799,1.0273,1019.92,103.4373,62.1033,0.101359,0.040504,9.9323e-05,60.0,71,20.0,0,NVIDIA GeForce RTX 4090,580.105.08,2715,3105,450.00,44,48
mobilenetv2,ort-cuda,fp32,mobilenetv2-ort-fp32-opt99-b1,1,99,0,5,0.31,0.9775,1.0201,1022.47,102.6911,62.1033,0.100378,0.039673,9.8116e-05,60.5,72,20.0,0,NVIDIA GeForce RTX 4090,580.105.08,2715,3105,450.00,42,48
mobilenetv2,ort-cuda,fp32,mobilenetv2-ort-fp32-opt99-b1,1,99,0,6,0.31,0.9774,1.0108,1022.49,102.2549,62.1033,0.099948,0.039246,9.7693e-05,60.7,73,20.0,0,NVIDIA GeForce RTX 4090,580.105.08,2715,3105,450.00,42,48
mobilenetv2,ort-cuda,fp32,mobilenetv2-ort-fp32-opt99-b1,1,99,0,7,0.31,0.9734,0.9878,1026.72,102.5758,62.1033,0.099849,0.039397,9.7196e-05,60.5,71,20.0,0,NVIDIA GeForce RTX 4090,580.105.08,2715,3105,450.00,43,24
mobilenetv2,ort-cuda,fp32,mobilenetv2-ort-fp32-opt99-b1,1,99,0,8,0.31,0.9773,0.9997,1022.6,102.5731,62.1033,0.10025,0.039553,9.7979e-05,60.5,70,20.0,0,NVIDIA GeForce RTX 4090,580.105.08,2715,3105,450.00,41,48
mobilenetv2,ort-cuda,fp32,mobilenetv2-ort-fp32-opt99-b16,16,99,0,1,0.31,2.4813,2.5444,402.94,261.8937,58.12,0.649834,0.505621,0.001612423,22.2,72,20.0,0,NVIDIA GeForce RTX 4090,580.105.08,2715,3105,450.00,50,0
mobilenetv2,ort-cuda,fp32,mobilenetv2-ort-fp32-opt99-b16,16,99,0,2,0.31,2.4852,2.5472,402.29,266.5258,58.12,0.66238,0.517938,0.001646174,21.8,71,20.0,0,NVIDIA GeForce RTX 4090,580.105.08,2700,3105,450.00,53,96
mobilenetv2,ort-cuda,fp32,mobilenetv2-ort-fp32-opt99-b16,16,99,0,3,0.31,2.4824,2.5462,402.75,269.8934,58.12,0.669983,0.525706,0.001663163,21.5,70,20.0,0,NVIDIA GeForce RTX 4090,580.105.08,2700,3105,450.00,54,0
mobilenetv2,ort-cuda,fp32,mobilenetv2-ort-fp32-opt99-b16,16,99,0,4,0.31,2.4868,2.5482,402.04,269.899,58.12,0.671187,0.526654,0.001669113,21.5,71,20.0,0,NVIDIA GeForce RTX 4090,580.105.08,2700,3105,450.00,56,96
mobilenetv2,ort-cuda,fp32,mobilenetv2-ort-fp32-opt99-b16,16,99,0,5,0.31,2.4838,2.5499,402.52,270.6832,58.12,0.672329,0.527969,0.001669946,21.5,68,20.0,0,NVIDIA GeForce RTX 4090,580.105.08,2700,3105,450.00,63,96
mobilenetv2,ort-cuda,fp32,mobilenetv2-ort-fp32-opt99-b16,16,99,0,6,0.31,2.4868,2.5465,402.03,270.9085,58.12,0.673705,0.52917,0.001675394,21.5,68,20.0,0,NVIDIA GeForce RTX 4090,580.105.08,2700,3105,450.00,64,96
mobilenetv2,ort-cuda,fp32,mobilenetv2-ort-fp32-opt99-b16,16,99,0,7,0.31,2.4858,2.5415,402.19,274.0,58.12,0.681123,0.536645,0.001693168,21.2,70,20.0,0,NVIDIA GeForce RTX 4090,580.105.08,2700,3105,450.00,64,96
mobilenetv2,ort-cuda,fp32,mobilenetv2-ort-fp32-opt99-b16,16,99,0,8,0.31,2.488,2.5395,401.84,271.6446,58.12,0.675865,0.53126,0.001681585,21.4,70,20.0,0,NVIDIA GeForce RTX 4090,580.105.08,2700,3105,450.00,64,96
resnet50,ort-cuda,fp32,resnet50-ort-fp32-opt0-b1,1,0,0,1,4.1,1.3798,1.4567,724.49,166.412,61.7017,0.229608,0.144475,0.000316802,37.1,71,20.0,0,NVIDIA GeForce RTX 4090,580.105.08,2715,3105,450.00,51,73
resnet50,ort-cuda,fp32,resnet50-ort-fp32-opt0-b1,1,0,0,2,4.1,1.3823,1.4621,723.12,165.6013,61.7017,0.22891,0.14362,0.00031642,37.3,71,20.0,0,NVIDIA GeForce RTX 4090,580.105.08,2715,3105,450.00,49,73
resnet50,ort-cuda,fp32,resnet50-ort-fp32-opt0-b1,1,0,0,3,4.1,1.3833,1.478,722.64,166.307,61.7017,0.230048,0.144698,0.000318219,37.1,70,20.0,0,NVIDIA GeForce RTX 4090,580.105.08,2715,3105,450.00,52,73
resnet50,ort-cuda,fp32,resnet50-ort-fp32-opt0-b1,1,0,0,4,4.1,1.3773,1.4501,725.78,164.6055,61.7017,0.226708,0.141728,0.000312242,37.5,69,20.0,0,NVIDIA GeForce RTX 4090,580.105.08,2715,3105,450.00,52,73
resnet50,ort-cuda,fp32,resnet50-ort-fp32-opt0-b1,1,0,0,5,4.1,1.3814,1.4627,723.64,166.3586,61.7017,0.229801,0.144569,0.000317437,37.1,70,20.0,0,NVIDIA GeForce RTX 4090,580.105.08,2715,3105,450.00,52,72
resnet50,ort-cuda,fp32,resnet50-ort-fp32-opt0-b1,1,0,0,6,4.1,1.3795,1.4505,724.6,167.4062,61.7017,0.230941,0.145822,0.000318589,36.9,68,20.0,0,NVIDIA GeForce RTX 4090,580.105.08,2715,3105,450.00,48,0
resnet50,ort-cuda,fp32,resnet50-ort-fp32-opt0-b1,1,0,0,7,4.1,1.3776,1.4262,725.62,165.7039,61.7017,0.228273,0.143273,0.000314468,37.2,71,20.0,0,NVIDIA GeForce RTX 4090,580.105.08,2715,3105,450.00,51,72
resnet50,ort-cuda,fp32,resnet50-ort-fp32-opt0-b1,1,0,0,8,4.1,1.3726,1.3946,728.28,166.7031,61.7017,0.228809,0.14412,0.000314054,37.0,70,20.0,0,NVIDIA GeForce RTX 4090,580.105.08,2715,3105,450.00,51,73
resnet50,ort-cuda,fp32,resnet50-ort-fp32-opt0-b16,16,0,0,1,4.1,5.3019,5.4347,188.59,308.4264,59.235,1.635238,1.321182,0.008669827,19.2,70,20.0,0,NVIDIA GeForce RTX 4090,580.105.08,2700,3105,450.00,55,98
resnet50,ort-cuda,fp32,resnet50-ort-fp32-opt0-b16,16,0,0,2,4.1,5.3101,5.4354,188.3,309.5022,59.235,1.643476,1.328935,0.008726961,19.1,72,20.0,0,NVIDIA GeForce RTX 4090,580.105.08,2700,3105,450.00,58,62
resnet50,ort-cuda,fp32,resnet50-ort-fp32-opt0-b16,16,0,0,3,4.1,5.3093,5.4368,188.33,310.6522,59.235,1.649337,1.334842,0.00875678,19.1,72,20.0,0,NVIDIA GeForce RTX 4090,580.105.08,2700,3105,450.00,66,98
resnet50,ort-cuda,fp32,resnet50-ort-fp32-opt0-b16,16,0,0,4,4.1,5.3144,5.4465,188.14,314.0355,59.235,1.66892,1.35412,0.008869361,18.9,71,20.0,0,NVIDIA GeForce RTX 4090,580.105.08,2700,3105,450.00,56,98
resnet50,ort-cuda,fp32,resnet50-ort-fp32-opt0-b16,16,0,0,5,4.1,5.3111,5.4384,188.26,316.4011,59.235,1.680445,1.36584,0.008925044,18.7,71,20.0,0,NVIDIA GeForce RTX 4090,580.105.08,2700,3105,450.00,67,98
resnet50,ort-cuda,fp32,resnet50-ort-fp32-opt0-b16,16,0,0,6,4.1,5.3091,5.4328,188.33,317.4803,59.235,1.685526,1.371043,0.008948582,18.7,69,20.0,0,NVIDIA GeForce RTX 4090,580.105.08,2700,3105,450.00,68,98
resnet50,ort-cuda,fp32,resnet50-ort-fp32-opt0-b16,16,0,0,7,4.1,5.3122,5.4448,188.22,316.3635,59.235,1.680574,1.365908,0.008927482,18.7,71,20.0,0,NVIDIA GeForce RTX 4090,580.105.08,2700,3105,450.00,68,98
resnet50,ort-cuda,fp32,resnet50-ort-fp32-opt0-b16,16,0,0,8,4.1,5.3129,5.4394,188.2,319.2977,59.235,1.696402,1.381692,0.009012846,18.6,70,20.0,0,NVIDIA GeForce RTX 4090,580.105.08,2700,3105,450.00,68,98
resnet50,ort-cuda,fp32,resnet50-ort-fp32-opt1-b1,1,1,0,1,4.1,1.3614,1.4648,734.27,169.657,63.7833,0.230963,0.144131,0.000314422,37.6,71,20.0,0,NVIDIA GeForce RTX 4090,580.105.08,2700,3105,450.00,54,15
resnet50,ort-cuda,fp32,resnet50-ort-fp32-opt1-b1,1,1,0,2,4.1,1.3555,1.4465,737.4,171.2018,63.7833,0.232072,0.14561,0.000314583,37.3,71,20.0,0,NVIDIA GeForce RTX 4090,580.105.08,2700,3105,450.00,51,73
resnet50,ort-cuda,fp32,resnet50-ort-fp32-opt1-b1,1,1,0,3,4.1,1.3476,1.4152,741.78,169.6232,63.7833,0.228579,0.142626,0.000308025,37.6,71,20.0,0,NVIDIA GeForce RTX 4090,580.105.08,2700,3105,450.00,51,6
resnet50,ort-cuda,fp32,resnet50-ort-fp32-opt1-b1,1,1,0,4,4.1,1.3474,1.3907,741.88,169.4742,63.7833,0.228347,0.142407,0.000307672,37.6,69,20.0,0,NVIDIA GeForce RTX 4090,580.105.08,2715,3105,450.00,49,74
resnet50,ort-cuda,fp32,resnet50-ort-fp32-opt1-b1,1,1,0,5,4.1,1.3511,1.423,739.84,167.9599,63.7833,0.226931,0.140753,0.000306608,38.0,72,20.0,0,NVIDIA GeForce RTX 4090,580.105.08,2715,3105,450.00,52,74
resnet50,ort-cuda,fp32,resnet50-ort-fp32-opt1-b1,1,1,0,6,4.1,1.3541,1.4463,738.18,167.3218,63.7833,0.226579,0.140206,0.000306821,38.1,71,20.0,0,NVIDIA GeForce RTX 4090,580.105.08,2715,3105,450.00,49,26
resnet50,ort-cuda,fp32,resnet50-ort-fp32-opt1-b1,1,1,0,7,4.1,1.3463,1.4208,742.48,168.0474,63.7833,0.226241,0.14037,0.000304587,38.0,70,20.0,0,NVIDIA GeForce RTX 4090,580.105.08,2715,3105,450.00,49,74
resnet50,ort-cuda,fp32,resnet50-ort-fp32-opt1-b1,1,1,0,8,4.1,1.3485,1.4289,741.26,167.8726,63.7833,0.226379,0.140366,0.000305276,38.0,70,20.0,0,NVIDIA GeForce RTX 4090,580.105.08,2715,3105,450.00,49,33
resnet50,ort-cuda,fp32,resnet50-ort-fp32-opt1-b16,16,1,0,1,4.1,5.315,5.4468,188.12,308.625,59.32,1.640355,1.325067,0.008718555,19.2,72,20.0,0,NVIDIA GeForce RTX 4090,580.105.08,2700,3105,450.00,59,97
resnet50,ort-cuda,fp32,resnet50-ort-fp32-opt1-b16,16,1,0,2,4.1,5.3251,5.4508,187.77,311.4793,59.32,1.658657,1.342773,0.008832513,19.0,68,20.0,0,NVIDIA GeForce RTX 4090,580.105.08,2700,3105,450.00,65,98
resnet50,ort-cuda,fp32,resnet50-ort-fp32-opt1-b16,16,1,0,3,4.1,5.3232,5.4492,187.83,311.4123,59.32,1.657703,1.341932,0.008824252,19.0,70,20.0,0,NVIDIA GeForce RTX 4090,580.105.08,2700,3105,450.00,59,33
resnet50,ort-cuda,fp32,resnet50-ort-fp32-opt1-b16,16,1,0,4,4.1,5.3245,5.4583,187.79,317.9809,59.32,1.693097,1.377246,0.009014933,18.7,69,20.0,0,NVIDIA GeForce RTX 4090,580.105.08,2700,3105,450.00,67,97
resnet50,ort-cuda,fp32,resnet50-ort-fp32-opt1-b16,16,1,0,5,4.1,5.3275,5.4562,187.68,319.5721,59.32,1.702519,1.386492,0.009070164,18.6,70,20.0,0,NVIDIA GeForce RTX 4090,580.105.08,2700,3105,450.00,67,98
resnet50,ort-cuda,fp32,resnet50-ort-fp32-opt1-b16,16,1,0,6,4.1,5.3273,5.4582,187.69,319.7932,59.32,1.703624,1.38761,0.009075658,18.5,68,20.0,0,NVIDIA GeForce RTX 4090,580.105.08,2700,3105,450.00,61,0
resnet50,ort-cuda,fp32,resnet50-ort-fp32-opt1-b16,16,1,0,7,4.1,5.3263,5.4625,187.72,318.3187,59.32,1.695475,1.379516,0.009030685,18.6,69,20.0,0,NVIDIA GeForce RTX 4090,580.105.08,2700,3105,450.00,59,98
resnet50,ort-cuda,fp32,resnet50-ort-fp32-opt1-b16,16,1,0,8,4.1,5.3199,5.4548,187.95,316.0435,59.32,1.681324,1.365747,0.008944496,18.8,69,20.0,0,NVIDIA GeForce RTX 4090,580.105.08,2700,3105,450.00,68,52
resnet50,ort-cuda,fp32,resnet50-ort-fp32-opt2-b1,1,2,0,1,4.1,1.3449,1.3788,743.25,170.1974,63.0417,0.228893,0.14411,0.00030783,37.0,70,20.0,0,NVIDIA GeForce RTX 4090,580.105.08,2715,3105,450.00,50,0
resnet50,ort-cuda,fp32,resnet50-ort-fp32-opt2-b1,1,2,0,2,4.1,1.357,1.4425,736.61,170.235,63.0417,0.231007,0.14546,0.000313474,37.0,72,20.0,0,NVIDIA GeForce RTX 4090,580.105.08,2715,3105,450.00,49,74
resnet50,ort-cuda,fp32,resnet50-ort-fp32-opt2-b1,1,2,0,3,4.1,1.3462,1.3719,742.5,166.7188,63.0417,0.22444,0.139572,0.000302146,37.8,73,20.0,0,NVIDIA GeForce RTX 4090,580.105.08,2715,3105,450.00,50,74
resnet50,ort-cuda,fp32,resnet50-ort-fp32-opt2-b1,1,2,0,4,4.1,1.3612,1.4599,734.35,166.5291,63.0417,0.226674,0.140864,0.000308542,37.9,70,20.0,0,NVIDIA GeForce RTX 4090,580.105.08,2715,3105,450.00,49,45
resnet50,ort-cuda,fp32,resnet50-ort-fp32-opt2-b1,1,2,0,5,4.1,1.3487,1.3833,741.16,169.5628,63.0417,0.228685,0.143662,0.000308422,37.2,71,20.0,0,NVIDIA GeForce RTX 4090,580.105.08,2715,3105,450.00,48,74
resnet50,ort-cuda,fp32,resnet50-ort-fp32-opt2-b1,1,2,0,6,4.1,1.3529,1.414,738.84,168.663,63.0417,0.228186,0.142896,0.000308716,37.4,71,20.0,0,NVIDIA GeForce RTX 4090,580.105.08,2715,3105,450.00,47,0
resnet50,ort-cuda,fp32,resnet50-ort-fp32-opt2-b1,1,2,0,7,4.1,1.3468,1.3722,742.18,167.4775,63.0417,0.225561,0.140656,0.000303788,37.6,72,20.0,0,NVIDIA GeForce RTX 4090,580.105.08,2715,3105,450.00,51,74
resnet50,ort-cuda,fp32,resnet50-ort-fp32-opt2-b1,1,2,0,8,4.1,1.3512,1.4232,739.75,168.4353,63.0417,0.227596,0.142411,0.000307535,37.4,70,20.0,0,NVIDIA GeForce RTX 4090,580.105.08,2715,3105,450.00,51,73
resnet50,ort-cuda,fp32,resnet50-ort-fp32-opt2-b16,16,2,0,1,4.1,5.3078,5.4305,188.38,307.2967,60.01,1.631057,1.312538,0.008657256,19.5,70,20.0,0,NVIDIA GeForce RTX 4090,580.105.08,2700,3105,450.00,62,98
resnet50,ort-cuda,fp32,resnet50-ort-fp32-opt2-b16,16,2,0,2,4.1,5.3125,5.4419,188.21,311.701,60.01,1.655899,1.337098,0.008796892,19.3,69,20.0,0,NVIDIA GeForce RTX 4090,580.105.08,2700,3105,450.00,64,98
resnet50,ort-cuda,fp32,resnet50-ort-fp32-opt2-b16,16,2,0,3,4.1,5.3135,5.4389,188.18,312.7993,60.01,1.662045,1.343184,0.008831199,19.2,70,20.0,0,NVIDIA GeForce RTX 4090,580.105.08,2700,3105,450.00,65,98
resnet50,ort-cuda,fp32,resnet50-ort-fp32-opt2-b16,16,2,0,4,4.1,5.3208,5.4346,187.92,316.483,60.01,1.68393,1.364631,0.008959789,19.0,70,20.0,0,NVIDIA GeForce RTX 4090,580.105.08,2700,3105,450.00,65,59
resnet50,ort-cuda,fp32,resnet50-ort-fp32-opt2-b16,16,2,0,5,4.1,5.3167,5.4389,188.06,317.358,60.01,1.687308,1.368251,0.008970968,18.9,70,20.0,0,NVIDIA GeForce RTX 4090,580.105.08,2700,3105,450.00,66,98
resnet50,ort-cuda,fp32,resnet50-ort-fp32-opt2-b16,16,2,0,6,4.1,5.3138,5.4354,188.16,318.0141,60.01,1.689878,1.370994,0.008979754,18.9,70,20.0,0,NVIDIA GeForce RTX 4090,580.105.08,2700,3105,450.00,66,98
resnet50,ort-cuda,fp32,resnet50-ort-fp32-opt2-b16,16,2,0,7,4.1,5.3188,5.4431,187.99,315.5531,60.01,1.678372,1.359189,0.00892697,19.0,71,20.0,0,NVIDIA GeForce RTX 4090,580.105.08,2700,3105,450.00,66,87
resnet50,ort-cuda,fp32,resnet50-ort-fp32-opt2-b16,16,2,0,8,4.1,5.3171,5.4416,188.05,318.3669,60.01,1.69279,1.373711,0.009000746,18.8,70,20.0,0,NVIDIA GeForce RTX 4090,580.105.08,2700,3105,450.00,59,98
resnet50,ort-cuda,fp32,resnet50-ort-fp32-opt99-b1,1,99,0,1,4.1,1.3563,1.4263,737.01,169.6369,63.4283,0.230073,0.144047,0.000312041,37.4,70,20.0,0,NVIDIA GeForce RTX 4090,580.105.08,2700,3105,450.00,53,73
resnet50,ort-cuda,fp32,resnet50-ort-fp32-opt99-b1,1,99,0,2,4.1,1.3509,1.4139,739.91,169.0144,63.4283,0.22833,0.142641,0.000308461,37.5,71,20.0,0,NVIDIA GeForce RTX 4090,580.105.08,2715,3105,450.00,50,74
resnet50,ort-cuda,fp32,resnet50-ort-fp32-opt99-b1,1,99,0,3,4.1,1.3465,1.3848,742.37,170.5715,63.4283,0.229669,0.144265,0.000309243,37.2,72,20.0,0,NVIDIA GeForce RTX 4090,580.105.08,2715,3105,450.00,47,0
resnet50,ort-cuda,fp32,resnet50-ort-fp32-opt99-b1,1,99,0,4,4.1,1.3477,1.4068,741.68,167.6908,63.4283,0.226003,0.140518,0.000304592,37.8,72,20.0,0,NVIDIA GeForce RTX 4090,580.105.08,2715,3105,450.00,48,73
resnet50,ort-cuda,fp32,resnet50-ort-fp32-opt99-b1,1,99,0,5,4.1,1.3499,1.4155,740.5,167.6111,63.4283,0.226253,0.140633,0.000305412,37.8,70,20.0,0,NVIDIA GeForce RTX 4090,580.105.08,2715,3105,450.00,47,56
resnet50,ort-cuda,fp32,resnet50-ort-fp32-opt99-b1,1,99,0,6,4.1,1.356,1.4409,737.18,166.917,63.4283,0.226332,0.140326,0.000306897,38.0,70,20.0,0,NVIDIA GeForce RTX 4090,580.105.08,2715,3105,450.00,48,74
resnet50,ort-cuda,fp32,resnet50-ort-fp32-opt99-b1,1,99,0,7,4.1,1.3586,1.4331,735.74,167.6566,63.4283,0.227779,0.141605,0.00030946,37.8,70,20.0,0,NVIDIA GeForce RTX 4090,580.105.08,2715,3105,450.00,50,74
resnet50,ort-cuda,fp32,resnet50-ort-fp32-opt99-b1,1,99,0,8,4.1,1.3474,1.3669,741.84,168.2994,63.4283,0.226772,0.141307,0.000305561,37.7,72,20.0,0,NVIDIA GeForce RTX 4090,580.105.08,2715,3105,450.00,49,74
resnet50,ort-cuda,fp32,resnet50-ort-fp32-opt99-b16,16,99,0,1,4.1,5.3223,5.4537,187.86,306.0265,59.505,1.628768,1.312064,0.008668809,19.4,71,20.0,0,NVIDIA GeForce RTX 4090,580.105.08,2700,3105,450.00,52,98
resnet50,ort-cuda,fp32,resnet50-ort-fp32-opt99-b16,16,99,0,2,4.1,5.3254,5.4627,187.75,303.1094,59.505,1.61419,1.2973,0.00859627,19.6,71,20.0,0,NVIDIA GeForce RTX 4090,580.105.08,2700,3105,450.00,62,98
resnet50,ort-cuda,fp32,resnet50-ort-fp32-opt99-b16,16,99,0,3,4.1,5.3186,5.4457,187.99,312.135,59.505,1.660131,1.343646,0.008829625,19.1,70,20.0,0,NVIDIA GeForce RTX 4090,580.105.08,2700,3105,450.00,64,98
resnet50,ort-cuda,fp32,resnet50-ort-fp32-opt99-b16,16,99,0,4,4.1,5.3244,5.4439,187.79,312.9344,59.505,1.666187,1.349358,0.008871437,19.0,71,20.0,0,NVIDIA GeForce RTX 4090,580.105.08,2700,3105,450.00,64,98
resnet50,ort-cuda,fp32,resnet50-ort-fp32-opt99-b16,16,99,0,5,4.1,5.3205,5.4449,187.93,316.6645,59.505,1.684817,1.36822,0.008964089,18.8,69,20.0,0,NVIDIA GeForce RTX 4090,580.105.08,2700,3105,450.00,65,97
resnet50,ort-cuda,fp32,resnet50-ort-fp32-opt99-b16,16,99,0,6,4.1,5.3223,5.445,187.86,311.336,59.505,1.657033,1.340328,0.008819275,19.1,70,20.0,0,NVIDIA GeForce RTX 4090,580.105.08,2700,3105,450.00,59,68
resnet50,ort-cuda,fp32,resnet50-ort-fp32-opt99-b16,16,99,0,7,4.1,5.321,5.4435,187.91,316.5644,59.505,1.684436,1.36781,0.008962866,18.8,71,20.0,0,NVIDIA GeForce RTX 4090,580.105.08,2700,3105,450.00,66,98
resnet50,ort-cuda,fp32,resnet50-ort-fp32-opt99-b16,16,99,0,8,4.1,5.3216,5.4518,187.89,315.8606,59.505,1.680896,1.364232,0.008945122,18.8,71,20.0,0,NVIDIA GeForce RTX 4090,580.105.08,2700,3105,450.00,65,98
vit_b_16,ort-cuda,fp32,vit_b_16-ort-fp32-opt0-b1,1,0,0,1,17.6,4.3136,4.5387,231.78,167.3501,62.1467,0.721885,0.453808,0.003113939,37.1,72,20.0,0,NVIDIA GeForce RTX 4090,580.105.08,2715,3105,450.00,52,55
vit_b_16,ort-cuda,fp32,vit_b_16-ort-fp32-opt0-b1,1,0,0,2,17.6,4.3213,4.5484,231.37,167.4142,62.1467,0.72345,0.454895,0.003126261,37.1,69,20.0,0,NVIDIA GeForce RTX 4090,580.105.08,2715,3105,450.00,51,55
vit_b_16,ort-cuda,fp32,vit_b_16-ort-fp32-opt0-b1,1,0,0,3,17.6,4.3241,4.5452,231.22,165.8376,62.1467,0.717101,0.448372,0.00310083,37.5,72,20.0,0,NVIDIA GeForce RTX 4090,580.105.08,2715,3105,450.00,50,54
vit_b_16,ort-cuda,fp32,vit_b_16-ort-fp32-opt0-b1,1,0,0,4,17.6,4.3396,4.6034,230.4,165.0486,62.1467,0.716251,0.446557,0.003108273,37.7,70,20.0,0,NVIDIA GeForce RTX 4090,580.105.08,2715,3105,450.00,50,54
vit_b_16,ort-cuda,fp32,vit_b_16-ort-fp32-opt0-b1,1,0,0,5,17.6,4.3287,4.5182,230.98,165.4145,62.1467,0.716025,0.447013,0.003099437,37.6,69,20.0,0,NVIDIA GeForce RTX 4090,580.105.08,2715,3105,450.00,46,0
vit_b_16,ort-cuda,fp32,vit_b_16-ort-fp32-opt0-b1,1,0,0,6,17.6,4.3188,4.5369,231.51,165.5581,62.1467,0.715016,0.446616,0.003088028,37.5,70,20.0,0,NVIDIA GeForce RTX 4090,580.105.08,2715,3105,450.00,49,55
vit_b_16,ort-cuda,fp32,vit_b_16-ort-fp32-opt0-b1,1,0,0,7,17.6,4.3149,4.5241,231.72,165.329,62.1467,0.713377,0.445221,0.003078146,37.6,68,20.0,0,NVIDIA GeForce RTX 4090,580.105.08,2715,3105,450.00,49,54
vit_b_16,ort-cuda,fp32,vit_b_16-ort-fp32-opt0-b1,1,0,0,8,17.6,4.3222,4.5509,231.33,164.1635,62.1467,0.709546,0.440936,0.00306679,37.9,71,20.0,0,NVIDIA GeForce RTX 4090,580.105.08,2715,3105,450.00,49,54
vit_b_16,ort-cuda,fp32,vit_b_16-ort-fp32-opt0-b16,16,0,0,1,17.6,19.0526,19.3469,52.48,346.8654,59.55,6.608692,5.474109,0.12591286,17.2,71,20.0,0,NVIDIA GeForce RTX 4090,580.105.08,2700,3105,450.00,57,96
vit_b_16,ort-cuda,fp32,vit_b_16-ort-fp32-opt0-b16,16,0,0,2,17.6,19.0787,19.3772,52.41,349.7016,59.55,6.671835,5.535701,0.127289635,17.0,70,20.0,0,NVIDIA GeForce RTX 4090,580.105.08,2700,3105,450.00,65,95
vit_b_16,ort-cuda,fp32,vit_b_16-ort-fp32-opt0-b16,16,0,0,3,17.6,19.0774,19.3908,52.42,344.8331,59.55,6.578536,5.442474,0.125501681,17.3,70,20.0,0,NVIDIA GeForce RTX 4090,580.105.08,2700,3105,450.00,62,96
vit_b_16,ort-cuda,fp32,vit_b_16-ort-fp32-opt0-b16,16,0,0,4,17.6,19.0974,19.4164,52.36,349.2961,59.55,6.670632,5.533384,0.127391423,17.0,72,20.0,0,NVIDIA GeForce RTX 4090,580.105.08,2685,3105,450.00,63,95
vit_b_16,ort-cuda,fp32,vit_b_16-ort-fp32-opt0-b16,16,0,0,5,17.6,19.106,19.3827,52.34,350.3373,59.55,6.693547,5.555785,0.127886957,17.0,71,20.0,0,NVIDIA GeForce RTX 4090,580.105.08,2685,3105,450.00,68,96
vit_b_16,ort-cuda,fp32,vit_b_16-ort-fp32-opt0-b16,16,0,0,6,17.6,19.0746,19.3662,52.42,353.994,59.55,6.752282,5.616391,0.128796843,16.8,70,20.0,0,NVIDIA GeForce RTX 4090,580.105.08,2700,3105,450.00,60,96
vit_b_16,ort-cuda,fp32,vit_b_16-ort-fp32-opt0-b16,16,0,0,7,17.6,19.0708,19.3644,52.43,356.8621,59.55,6.805648,5.669982,0.129789196,16.7,70,20.0,0,NVIDIA GeForce RTX 4090,580.105.08,2700,3105,450.00,69,96
vit_b_16,ort-cuda,fp32,vit_b_16-ort-fp32-opt0-b16,16,0,0,8,17.6,19.1082,19.4094,52.33,350.2021,59.55,6.691741,5.553846,0.127867276,17.0,70,20.0,0,NVIDIA GeForce RTX 4090,580.105.08,2685,3105,450.00,62,96
vit_b_16,ort-cuda,fp32,vit_b_16-ort-fp32-opt1-b1,1,1,0,1,17.6,2.958,3.1104,337.99,210.5338,64.16,0.622754,0.43297,0.001842089,30.5,71,20.0,0,NVIDIA GeForce RTX 4090,580.105.08,2700,3105,450.00,54,54
vit_b_16,ort-cuda,fp32,vit_b_16-ort-fp32-opt1-b1,1,1,0,2,17.6,2.9487,3.1168,339.06,212.1681,64.16,0.625616,0.436429,0.001844743,30.2,69,20.0,0,NVIDIA GeForce RTX 4090,580.105.08,2700,3105,450.00,56,70
vit_b_16,ort-cuda,fp32,vit_b_16-ort-fp32-opt1-b1,1,1,0,3,17.6,2.9367,3.0833,340.45,210.132,64.16,0.617084,0.428669,0.00181216,30.5,71,20.0,0,NVIDIA GeForce RTX 4090,580.105.08,2700,3105,450.00,55,20
vit_b_16,ort-cuda,fp32,vit_b_16-ort-fp32-opt1-b1,1,1,0,4,17.6,2.9371,3.0824,340.39,209.2663,64.16,0.614637,0.426192,0.001805254,30.7,70,20.0,0,NVIDIA GeForce RTX 4090,580.105.08,2715,3105,450.00,55,71
vit_b_16,ort-cuda,fp32,vit_b_16-ort-fp32-opt1-b1,1,1,0,5,17.6,2.9487,3.1217,339.06,207.4885,64.16,0.611823,0.422634,0.001804085,30.9,67,20.0,0,NVIDIA GeForce RTX 4090,580.105.08,2715,3105,450.00,55,71
vit_b_16,ort-cuda,fp32,vit_b_16-ort-fp32-opt1-b1,1,1,0,6,17.6,2.9343,3.0778,340.72,210.8827,64.16,0.618794,0.430529,0.001815728,30.4,70,20.0,0,NVIDIA GeForce RTX 4090,580.105.08,2715,3105,450.00,55,68
vit_b_16,ort-cuda,fp32,vit_b_16-ort-fp32-opt1-b1,1,1,0,7,17.6,2.9341,3.0726,340.75,212.1761,64.16,0.622546,0.434294,0.001826609,30.2,70,20.0,0,NVIDIA GeForce RTX 4090,580.105.08,2715,3105,450.00,50,70
vit_b_16,ort-cuda,fp32,vit_b_16-ort-fp32-opt1-b1,1,1,0,8,17.6,2.9427,3.0811,339.75,210.7181,64.16,0.620071,0.43127,0.001824656,30.4,68,20.0,0,NVIDIA GeForce RTX 4090,580.105.08,2715,3105,450.00,55,70
vit_b_16,ort-cuda,fp32,vit_b_16-ort-fp32-opt1-b16,16,1,0,1,17.6,18.2111,18.4269,54.91,361.9679,60.1917,6.591846,5.495687,0.120044997,16.6,70,20.0,0,NVIDIA GeForce RTX 4090,580.105.08,2700,3105,450.00,65,99
vit_b_16,ort-cuda,fp32,vit_b_16-ort-fp32-opt1-b16,16,1,0,2,17.6,18.2275,18.4461,54.86,361.2766,60.1917,6.585169,5.488026,0.120031172,16.7,71,20.0,0,NVIDIA GeForce RTX 4090,580.105.08,2685,3105,450.00,68,99
vit_b_16,ort-cuda,fp32,vit_b_16-ort-fp32-opt1-b16,16,1,0,3,17.6,18.2278,18.4301,54.86,362.1247,60.1917,6.600724,5.503565,0.120316453,16.6,70,20.0,0,NVIDIA GeForce RTX 4090,580.105.08,2700,3105,450.00,68,98
vit_b_16,ort-cuda,fp32,vit_b_16-ort-fp32-opt1-b16,16,1,0,4,17.6,18.2516,18.4719,54.79,365.4867,60.1917,6.670721,5.572126,0.121751413,16.5,70,20.0,0,NVIDIA GeForce RTX 4090,580.105.08,2700,3105,450.00,60,99
vit_b_16,ort-cuda,fp32,vit_b_16-ort-fp32-opt1-b16,16,1,0,5,17.6,18.2531,18.451,54.78,359.2786,60.1917,6.557948,5.459264,0.11970291,16.8,69,20.0,0,NVIDIA GeForce RTX 4090,580.105.08,2685,3105,450.00,61,99
vit_b_16,ort-cuda,fp32,vit_b_16-ort-fp32-opt1-b16,16,1,0,6,17.6,18.2474,18.4615,54.8,358.4681,60.1917,6.541097,5.442758,0.119357764,16.8,70,20.0,0,NVIDIA GeForce RTX 4090,580.105.08,2685,3105,450.00,64,99
vit_b_16,ort-cuda,fp32,vit_b_16-ort-fp32-opt1-b16,16,1,0,7,17.6,18.2367,18.4573,54.83,364.9874,60.1917,6.656152,5.558457,0.121385997,16.5,70,20.0,0,NVIDIA GeForce RTX 4090,580.105.08,2685,3105,450.00,66,18
vit_b_16,ort-cuda,fp32,vit_b_16-ort-fp32-opt1-b16,16,1,0,8,17.6,18.2568,18.4616,54.77,368.6764,60.1917,6.730841,5.631936,0.122883429,16.3,70,20.0,0,NVIDIA GeForce RTX 4090,580.105.08,2685,3105,450.00,71,99
vit_b_16,ort-cuda,fp32,vit_b_16-ort-fp32-opt2-b1,1,2,0,1,17.6,2.6852,2.8254,372.32,215.1531,65.304,0.57773,0.402375,0.00155132,30.4,71,20.0,0,NVIDIA GeForce RTX 4090,580.105.08,2700,3105,450.00,53,0
vit_b_16,ort-cuda,fp32,vit_b_16-ort-fp32-opt2-b1,1,2,0,2,17.6,2.6809,2.8261,372.91,215.717,65.304,0.578314,0.403241,0.001550398,30.3,69,20.0,0,NVIDIA GeForce RTX 4090,580.105.08,2700,3105,450.00,57,72
vit_b_16,ort-cuda,fp32,vit_b_16-ort-fp32-opt2-b1,1,2,0,3,17.6,2.6836,2.8165,372.54,215.5337,65.304,0.578402,0.403153,0.001552187,30.3,71,20.0,0,NVIDIA GeForce RTX 4090,580.105.08,2700,3105,450.00,57,71
vit_b_16,ort-cuda,fp32,vit_b_16-ort-fp32-opt2-b1,1,2,0,4,17.6,2.6802,2.8207,373.03,215.9044,65.304,0.578657,0.403632,0.00155089,30.2,71,20.0,0,NVIDIA GeForce RTX 4090,580.105.08,2715,3105,450.00,51,0
vit_b_16,ort-cuda,fp32,vit_b_16-ort-fp32-opt2-b1,1,2,0,5,17.6,2.6848,2.8249,372.38,212.9711,65.304,0.57178,0.396453,0.001535101,30.7,72,20.0,0,NVIDIA GeForce RTX 4090,580.105.08,2715,3105,450.00,51,71
vit_b_16,ort-cuda,fp32,vit_b_16-ort-fp32-opt2-b1,1,2,0,6,17.6,2.6857,2.8216,372.25,211.7617,65.304,0.568736,0.393347,0.001527474,30.8,70,20.0,0,NVIDIA GeForce RTX 4090,580.105.08,2715,3105,450.00,53,71
vit_b_16,ort-cuda,fp32,vit_b_16-ort-fp32-opt2-b1,1,2,0,7,17.6,2.6889,2.8287,371.81,213.5943,65.304,0.574336,0.39874,0.001544339,30.6,69,20.0,0,NVIDIA GeForce RTX 4090,580.105.08,2715,3105,450.00,52,71
vit_b_16,ort-cuda,fp32,vit_b_16-ort-fp32-opt2-b1,1,2,0,8,17.6,2.6851,2.8221,372.33,214.483,65.304,0.575913,0.400564,0.001546399,30.4,71,20.0,0,NVIDIA GeForce RTX 4090,580.105.08,2715,3105,450.00,49,0
vit_b_16,ort-cuda,fp32,vit_b_16-ort-fp32-opt2-b16,16,2,0,1,17.6,14.7585,14.9504,67.75,382.4929,60.3733,5.645023,4.754003,0.083312092,15.8,69,20.0,0,NVIDIA GeForce RTX 4090,580.105.08,2685,3105,450.00,69,98
vit_b_16,ort-cuda,fp32,vit_b_16-ort-fp32-opt2-b16,16,2,0,2,17.6,14.7869,14.9878,67.62,387.9621,60.3733,5.736751,4.844017,0.084828662,15.6,71,20.0,0,NVIDIA GeForce RTX 4090,580.105.08,2700,3105,450.00,58,0
vit_b_16,ort-cuda,fp32,vit_b_16-ort-fp32-opt2-b16,16,2,0,3,17.6,14.7989,15.0019,67.57,386.3823,60.3733,5.718037,4.824578,0.084620725,15.6,70,20.0,0,NVIDIA GeForce RTX 4090,580.105.08,2685,3105,450.00,70,99
vit_b_16,ort-cuda,fp32,vit_b_16-ort-fp32-opt2-b16,16,2,0,4,17.6,14.7821,14.9751,67.65,388.7632,60.3733,5.746747,4.854301,0.084949139,15.5,71,20.0,0,NVIDIA GeForce RTX 4090,580.105.08,2685,3105,450.00,70,99
vit_b_16,ort-cuda,fp32,vit_b_16-ort-fp32-opt2-b16,16,2,0,5,17.6,14.784,14.9734,67.64,384.9446,60.3733,5.691024,4.798464,0.084136125,15.7,69,20.0,0,NVIDIA GeForce RTX 4090,580.105.08,2685,3105,450.00,70,99
vit_b_16,ort-cuda,fp32,vit_b_16-ort-fp32-opt2-b16,16,2,0,6,17.6,14.7947,14.9908,67.59,387.5154,60.3733,5.733172,4.839967,0.084820532,15.6,69,20.0,0,NVIDIA GeForce RTX 4090,580.105.08,2685,3105,450.00,70,99
vit_b_16,ort-cuda,fp32,vit_b_16-ort-fp32-opt2-b16,16,2,0,7,17.6,14.7947,14.9916,67.59,389.939,60.3733,5.769036,4.87583,0.085351238,15.5,70,20.0,0,NVIDIA GeForce RTX 4090,580.105.08,2685,3105,450.00,70,99
vit_b_16,ort-cuda,fp32,vit_b_16-ort-fp32-opt2-b16,16,2,0,8,17.6,14.7935,14.9835,67.59,391.6983,60.3733,5.79457,4.90144,0.085721706,15.4,70,20.0,0,NVIDIA GeForce RTX 4090,580.105.08,2685,3105,450.00,70,99
vit_b_16,ort-cuda,fp32,vit_b_16-ort-fp32-opt99-b1,1,99,0,1,17.6,2.6809,2.8185,372.92,214.4411,63.1367,0.574891,0.405629,0.001541216,29.4,70,20.0,0,NVIDIA GeForce RTX 4090,580.105.08,2700,3105,450.00,57,71
vit_b_16,ort-cuda,fp32,vit_b_16-ort-fp32-opt99-b1,1,99,0,2,17.6,2.7017,2.8876,370.04,213.9981,63.1367,0.578162,0.407585,0.001562031,29.5,70,20.0,0,NVIDIA GeForce RTX 4090,580.105.08,2700,3105,450.00,54,70
vit_b_16,ort-cuda,fp32,vit_b_16-ort-fp32-opt99-b1,1,99,0,3,17.6,2.6861,2.8242,372.19,213.4223,63.1367,0.573276,0.403684,0.001539883,29.6,69,20.0,0,NVIDIA GeForce RTX 4090,580.105.08,2700,3105,450.00,57,71
vit_b_16,ort-cuda,fp32,vit_b_16-ort-fp32-opt99-b1,1,99,0,4,17.6,2.6829,2.8333,372.64,213.6899,63.1367,0.573305,0.403916,0.001538109,29.5,69,20.0,0,NVIDIA GeForce RTX 4090,580.105.08,2700,3105,450.00,57,71
vit_b_16,ort-cuda,fp32,vit_b_16-ort-fp32-opt99-b1,1,99,0,5,17.6,2.696,2.8714,370.83,213.8577,63.1367,0.576557,0.406342,0.001554389,29.5,69,20.0,0,NVIDIA GeForce RTX 4090,580.105.08,2700,3105,450.00,57,70
vit_b_16,ort-cuda,fp32,vit_b_16-ort-fp32-opt99-b1,1,99,0,6,17.6,2.691,2.8498,371.52,212.3096,63.1367,0.571317,0.401419,0.001537392,29.7,70,20.0,0,NVIDIA GeForce RTX 4090,580.105.08,2700,3105,450.00,53,63
vit_b_16,ort-cuda,fp32,vit_b_16-ort-fp32-opt99-b1,1,99,0,7,17.6,2.6813,2.8171,372.86,213.319,63.1367,0.571967,0.40268,0.001533599,29.6,70,20.0,0,NVIDIA GeForce RTX 4090,580.105.08,2700,3105,450.00,52,71
vit_b_16,ort-cuda,fp32,vit_b_16-ort-fp32-opt99-b1,1,99,0,8,17.6,2.6804,2.8258,372.99,213.1245,63.1367,0.571251,0.402022,0.001531158,29.6,69,20.0,0,NVIDIA GeForce RTX 4090,580.105.08,2700,3105,450.00,56,71
vit_b_16,ort-cuda,fp32,vit_b_16-ort-fp32-opt99-b16,16,99,0,1,17.6,14.7531,14.9524,67.78,382.768,61.01,5.647015,4.746928,0.083310967,15.9,71,20.0,0,NVIDIA GeForce RTX 4090,580.105.08,2700,3105,450.00,69,99
vit_b_16,ort-cuda,fp32,vit_b_16-ort-fp32-opt99-b16,16,99,0,2,17.6,14.7697,14.9519,67.7,379.6423,61.01,5.607195,4.706097,0.082816471,16.1,70,20.0,0,NVIDIA GeForce RTX 4090,580.105.08,2685,3105,450.00,70,99
vit_b_16,ort-cuda,fp32,vit_b_16-ort-fp32-opt99-b16,16,99,0,3,17.6,14.8079,15.0198,67.53,385.7043,61.01,5.711477,4.808046,0.084575072,15.8,69,20.0,0,NVIDIA GeForce RTX 4090,580.105.08,2685,3105,450.00,70,51
vit_b_16,ort-cuda,fp32,vit_b_16-ort-fp32-opt99-b16,16,99,0,4,17.6,14.7887,14.9778,67.62,392.1071,61.01,5.798751,4.896493,0.085755944,15.6,68,20.0,0,NVIDIA GeForce RTX 4090,580.105.08,2700,3105,450.00,59,99
vit_b_16,ort-cuda,fp32,vit_b_16-ort-fp32-opt99-b16,16,99,0,5,17.6,14.7959,14.9973,67.58,389.3894,61.01,5.761355,4.858659,0.085244249,15.7,69,20.0,0,NVIDIA GeForce RTX 4090,580.105.08,2685,3105,450.00,70,99
vit_b_16,ort-cuda,fp32,vit_b_16-ort-fp32-opt99-b16,16,99,0,6,17.6,14.761,14.961,67.74,394.0176,61.01,5.816105,4.915535,0.085851701,15.5,70,20.0,0,NVIDIA GeForce RTX 4090,580.105.08,2700,3105,450.00,70,99
vit_b_16,ort-cuda,fp32,vit_b_16-ort-fp32-opt99-b16,16,99,0,7,17.6,14.8048,15.0086,67.54,388.5699,61.01,5.752711,4.849468,0.085167918,15.7,69,20.0,0,NVIDIA GeForce RTX 4090,580.105.08,2685,3105,450.00,61,98
vit_b_16,ort-cuda,fp32,vit_b_16-ort-fp32-opt99-b16,16,99,0,8,17.6,14.8069,15.0156,67.53,391.8521,61.01,5.802114,4.898745,0.085911319,15.6,72,20.0,0,NVIDIA GeForce RTX 4090,580.105.08,2700,3105,450.00,58,0
mobilenetv2,torch-eager,fp32,mobilenetv2-torch-eager-fp32-b1,1,,,1,0.31,4.119,4.3411,242.75,68.8694,55.7767,0.283671,0.053929,0.001168429,81.0,68,20.0,0,NVIDIA GeForce RTX 4090,580.105.08,2520,3105,450.00,34,10
mobilenetv2,torch-eager,fp32,mobilenetv2-torch-eager-fp32-b1,1,,,2,0.31,4.1383,4.4014,241.61,69.4148,55.7767,0.287258,0.056438,0.001188756,80.4,71,20.0,0,NVIDIA GeForce RTX 4090,580.105.08,2520,3105,450.00,34,11
mobilenetv2,torch-eager,fp32,mobilenetv2-torch-eager-fp32-b1,1,,,3,0.31,4.1374,4.3866,241.66,69.3754,55.7767,0.287035,0.056264,0.001187587,80.4,69,20.0,0,NVIDIA GeForce RTX 4090,580.105.08,2520,3105,450.00,35,11
mobilenetv2,torch-eager,fp32,mobilenetv2-torch-eager-fp32-b1,1,,,4,0.31,4.1286,4.3741,242.18,69.5773,55.7767,0.287255,0.056977,0.001185953,80.2,70,20.0,0,NVIDIA GeForce RTX 4090,580.105.08,2520,3105,450.00,35,12
mobilenetv2,torch-eager,fp32,mobilenetv2-torch-eager-fp32-b1,1,,,5,0.31,4.1293,4.3316,242.14,69.3392,55.7767,0.28632,0.056003,0.001182289,80.4,71,20.0,0,NVIDIA GeForce RTX 4090,580.105.08,2520,3105,450.00,35,6
mobilenetv2,torch-eager,fp32,mobilenetv2-torch-eager-fp32-b1,1,,,6,0.31,4.118,4.3094,242.8,69.9273,55.7767,0.287964,0.058273,0.001185848,79.8,71,20.0,0,NVIDIA GeForce RTX 4090,580.105.08,2520,3105,450.00,35,12
mobilenetv2,torch-eager,fp32,mobilenetv2-torch-eager-fp32-b1,1,,,7,0.31,4.1404,4.3588,241.49,70.4771,55.7767,0.291806,0.060866,0.001208207,79.1,70,20.0,0,NVIDIA GeForce RTX 4090,580.105.08,2520,3105,450.00,35,12
mobilenetv2,torch-eager,fp32,mobilenetv2-torch-eager-fp32-b1,1,,,8,0.31,4.1446,4.3689,241.24,70.5586,55.7767,0.292437,0.061265,0.001212034,79.1,69,20.0,0,NVIDIA GeForce RTX 4090,580.105.08,2520,3105,450.00,35,2
mobilenetv2,torch-eager,fp32,mobilenetv2-torch-eager-fp32-b16,16,,,1,0.31,4.0471,4.2602,247.06,169.4017,56.9617,0.685585,0.455055,0.002774626,33.6,71,20.0,0,NVIDIA GeForce RTX 4090,580.105.08,2730,3105,450.00,41,46
mobilenetv2,torch-eager,fp32,mobilenetv2-torch-eager-fp32-b16,16,,,2,0.31,4.0444,4.2812,247.22,171.8476,56.9617,0.695013,0.464639,0.002810879,33.1,70,20.0,0,NVIDIA GeForce RTX 4090,580.105.08,2715,3105,450.00,43,20
mobilenetv2,torch-eager,fp32,mobilenetv2-torch-eager-fp32-b16,16,,,3,0.31,4.0584,4.2973,246.37,173.7283,56.9617,0.705068,0.473892,0.002861482,32.8,71,20.0,0,NVIDIA GeForce RTX 4090,580.105.08,2715,3105,450.00,47,50
mobilenetv2,torch-eager,fp32,mobilenetv2-torch-eager-fp32-b16,16,,,4,0.31,4.0498,4.3138,246.89,172.3467,56.9617,0.697964,0.467283,0.002826594,33.1,72,20.0,0,NVIDIA GeForce RTX 4090,580.105.08,2715,3105,450.00,48,50
mobilenetv2,torch-eager,fp32,mobilenetv2-torch-eager-fp32-b16,16,,,5,0.31,4.0491,4.2702,246.93,175.2081,56.9617,0.709442,0.478796,0.002872633,32.5,72,20.0,0,NVIDIA GeForce RTX 4090,580.105.08,2715,3105,450.00,45,0
mobilenetv2,torch-eager,fp32,mobilenetv2-torch-eager-fp32-b16,16,,,6,0.31,4.0554,4.259,246.55,173.8955,56.9617,0.705208,0.474208,0.002859867,32.8,71,20.0,0,NVIDIA GeForce RTX 4090,580.105.08,2715,3105,450.00,49,51
mobilenetv2,torch-eager,fp32,mobilenetv2-torch-eager-fp32-b16,16,,,7,0.31,4.0458,4.2683,247.13,174.3333,56.9617,0.705322,0.474865,0.002853608,32.7,72,20.0,0,NVIDIA GeForce RTX 4090,580.105.08,2715,3105,450.00,50,50
mobilenetv2,torch-eager,fp32,mobilenetv2-torch-eager-fp32-b16,16,,,8,0.31,4.027,4.1812,248.29,175.9306,56.9617,0.708472,0.479088,0.002853019,32.4,72,20.0,0,NVIDIA GeForce RTX 4090,580.105.08,2715,3105,450.00,50,49
mobilenetv2,torch-eager,fp16,mobilenetv2-torch-eager-fp16-b1,1,,,1,0.31,5.0659,5.4142,197.37,71.3189,59.5967,0.361297,0.059384,0.001830305,83.6,75,20.0,0,NVIDIA GeForce RTX 4090,580.105.08,2520,3105,450.00,39,12
mobilenetv2,torch-eager,fp16,mobilenetv2-torch-eager-fp16-b1,1,,,2,0.31,5.0581,5.3562,197.68,71.1486,59.5967,0.359877,0.058431,0.001820295,83.8,72,20.0,0,NVIDIA GeForce RTX 4090,580.105.08,2520,3105,450.00,38,12
mobilenetv2,torch-eager,fp16,mobilenetv2-torch-eager-fp16-b1,1,,,3,0.31,5.0054,5.2041,199.76,70.9254,59.5967,0.355011,0.056705,0.001776979,84.0,72,20.0,0,NVIDIA GeForce RTX 4090,580.105.08,2520,3105,450.00,37,12
mobilenetv2,torch-eager,fp16,mobilenetv2-torch-eager-fp16-b1,1,,,4,0.31,5.0135,5.2414,199.44,70.6445,59.5967,0.354179,0.055389,0.001775694,84.4,73,20.0,0,NVIDIA GeForce RTX 4090,580.105.08,2520,3105,450.00,36,12
mobilenetv2,torch-eager,fp16,mobilenetv2-torch-eager-fp16-b1,1,,,5,0.31,5.043,5.3138,198.27,70.5934,59.5967,0.356002,0.055456,0.001795312,84.4,71,20.0,0,NVIDIA GeForce RTX 4090,580.105.08,2520,3105,450.00,36,11
mobilenetv2,torch-eager,fp16,mobilenetv2-torch-eager-fp16-b1,1,,,6,0.31,5.0721,5.3317,197.13,70.424,59.5967,0.3572,0.054918,0.001811769,84.6,72,20.0,0,NVIDIA GeForce RTX 4090,580.105.08,2520,3105,450.00,35,12
mobilenetv2,torch-eager,fp16,mobilenetv2-torch-eager-fp16-b1,1,,,7,0.31,5.0391,5.27,198.43,70.2381,59.5967,0.353935,0.053623,0.001783508,84.8,72,20.0,0,NVIDIA GeForce RTX 4090,580.105.08,2520,3105,450.00,36,12
mobilenetv2,torch-eager,fp16,mobilenetv2-torch-eager-fp16-b1,1,,,8,0.31,5.0131,5.2363,199.45,70.4104,59.5967,0.352976,0.054211,0.001769509,84.6,71,20.0,0,NVIDIA GeForce RTX 4090,580.105.08,2520,3105,450.00,36,12
mobilenetv2,torch-eager,fp16,mobilenetv2-torch-eager-fp16-b16,16,,,1,0.31,5.0001,5.2327,199.97,100.6138,57.2367,0.503084,0.216892,0.002515491,56.9,71,20.0,0,NVIDIA GeForce RTX 4090,580.105.08,2520,3105,450.00,38,28
mobilenetv2,torch-eager,fp16,mobilenetv2-torch-eager-fp16-b16,16,,,2,0.31,5.052,5.4176,197.92,100.7544,57.2367,0.509007,0.21985,0.002571481,56.8,71,20.0,0,NVIDIA GeForce RTX 4090,580.105.08,2520,3105,450.00,38,28
mobilenetv2,torch-eager,fp16,mobilenetv2-torch-eager-fp16-b16,16,,,3,0.31,5.0241,5.36,199.02,101.6967,57.2367,0.510936,0.223372,0.002567,56.3,72,20.0,0,NVIDIA GeForce RTX 4090,580.105.08,2520,3105,450.00,41,29
mobilenetv2,torch-eager,fp16,mobilenetv2-torch-eager-fp16-b16,16,,,4,0.31,5.0253,5.2869,198.97,102.2822,57.2367,0.514002,0.226369,0.002583033,56.0,72,20.0,0,NVIDIA GeForce RTX 4090,580.105.08,2520,3105,450.00,41,29
mobilenetv2,torch-eager,fp16,mobilenetv2-torch-eager-fp16-b16,16,,,5,0.31,5.0149,5.2778,199.38,101.8754,57.2367,0.510895,0.223859,0.00256209,56.2,74,20.0,0,NVIDIA GeForce RTX 4090,580.105.08,2520,3105,450.00,41,28
mobilenetv2,torch-eager,fp16,mobilenetv2-torch-eager-fp16-b16,16,,,6,0.31,4.9907,5.2094,200.35,102.4683,57.2367,0.511389,0.225738,0.002552188,55.9,72,20.0,0,NVIDIA GeForce RTX 4090,580.105.08,2520,3105,450.00,41,29
mobilenetv2,torch-eager,fp16,mobilenetv2-torch-eager-fp16-b16,16,,,7,0.31,5.0384,5.3548,198.45,102.6669,57.2367,0.517277,0.228896,0.002606253,55.7,70,20.0,0,NVIDIA GeForce RTX 4090,580.105.08,2520,3105,450.00,41,28
mobilenetv2,torch-eager,fp16,mobilenetv2-torch-eager-fp16-b16,16,,,8,0.31,5.0103,5.231,199.57,103.0322,57.2367,0.516222,0.229449,0.002586424,55.6,72,20.0,0,NVIDIA GeForce RTX 4090,580.105.08,2520,3105,450.00,42,28
resnet50,torch-eager,fp32,resnet50-torch-eager-fp32-b1,1,,,1,4.1,4.8441,5.1422,206.41,86.3014,58.6467,0.418054,0.133963,0.002025104,68.0,72,20.0,0,NVIDIA GeForce RTX 4090,580.105.08,2520,3105,450.00,39,22
resnet50,torch-eager,fp32,resnet50-torch-eager-fp32-b1,1,,,2,4.1,4.816,5.1075,207.61,86.7025,58.6467,0.417558,0.135116,0.002010949,67.6,71,20.0,0,NVIDIA GeForce RTX 4090,580.105.08,2520,3105,450.00,38,18
resnet50,torch-eager,fp32,resnet50-torch-eager-fp32-b1,1,,,3,4.1,4.8119,5.0435,207.79,86.3939,58.6467,0.415719,0.133517,0.0020004,67.9,74,20.0,0,NVIDIA GeForce RTX 4090,580.105.08,2520,3105,450.00,39,22
resnet50,torch-eager,fp32,resnet50-torch-eager-fp32-b1,1,,,4,4.1,4.8139,5.0977,207.71,85.9111,58.6467,0.413567,0.131248,0.001990868,68.3,73,20.0,0,NVIDIA GeForce RTX 4090,580.105.08,2520,3105,450.00,39,21
resnet50,torch-eager,fp32,resnet50-torch-eager-fp32-b1,1,,,5,4.1,4.8103,5.0257,207.86,86.8461,58.6467,0.417758,0.135648,0.002009552,67.5,74,20.0,0,NVIDIA GeForce RTX 4090,580.105.08,2520,3105,450.00,38,8
resnet50,torch-eager,fp32,resnet50-torch-eager-fp32-b1,1,,,6,4.1,4.7959,4.9547,208.48,86.3213,58.6467,0.413992,0.132726,0.001985482,67.9,72,20.0,0,NVIDIA GeForce RTX 4090,580.105.08,2520,3105,450.00,38,22
resnet50,torch-eager,fp32,resnet50-torch-eager-fp32-b1,1,,,7,4.1,4.8083,4.9942,207.95,86.3504,58.6467,0.4152,0.133208,0.001996408,67.9,71,20.0,0,NVIDIA GeForce RTX 4090,580.105.08,2520,3105,450.00,39,22
resnet50,torch-eager,fp32,resnet50-torch-eager-fp32-b1,1,,,8,4.1,4.8477,5.1708,206.26,86.1441,58.6467,0.417598,0.133298,0.002024377,68.1,71,20.0,0,NVIDIA GeForce RTX 4090,580.105.08,2520,3105,450.00,39,22
resnet50,torch-eager,fp32,resnet50-torch-eager-fp32-b16,16,,,1,4.1,5.0464,5.1395,198.14,289.5069,57.8767,1.460976,1.168905,0.007372711,20.0,70,20.0,0,NVIDIA GeForce RTX 4090,580.105.08,2715,3105,450.00,48,99
resnet50,torch-eager,fp32,resnet50-torch-eager-fp32-b16,16,,,2,4.1,5.0414,5.1449,198.33,297.7032,57.8767,1.50083,1.209053,0.007566228,19.4,72,20.0,0,NVIDIA GeForce RTX 4090,580.105.08,2700,3105,450.00,60,99
resnet50,torch-eager,fp32,resnet50-torch-eager-fp32-b16,16,,,3,4.1,5.0689,5.175,197.26,300.9251,57.8767,1.525367,1.231994,0.007731968,19.2,71,20.0,0,NVIDIA GeForce RTX 4090,580.105.08,2700,3105,450.00,62,99
resnet50,torch-eager,fp32,resnet50-torch-eager-fp32-b16,16,,,4,4.1,5.0309,5.1281,198.75,303.958,57.8767,1.529173,1.238003,0.007693064,19.0,71,20.0,0,NVIDIA GeForce RTX 4090,580.105.08,2700,3105,450.00,57,99
resnet50,torch-eager,fp32,resnet50-torch-eager-fp32-b16,16,,,5,4.1,5.0519,5.1515,197.92,297.4246,57.8767,1.502549,1.210164,0.007590676,19.5,71,20.0,0,NVIDIA GeForce RTX 4090,580.105.08,2700,3105,450.00,64,99
resnet50,torch-eager,fp32,resnet50-torch-eager-fp32-b16,16,,,6,4.1,5.0593,5.1547,197.63,304.7693,57.8767,1.541931,1.249113,0.007801146,19.0,69,20.0,0,NVIDIA GeForce RTX 4090,580.105.08,2700,3105,450.00,58,99
resnet50,torch-eager,fp32,resnet50-torch-eager-fp32-b16,16,,,7,4.1,5.0425,5.1369,198.29,307.2355,57.8767,1.549229,1.257387,0.007811954,18.8,71,20.0,0,NVIDIA GeForce RTX 4090,580.105.08,2700,3105,450.00,57,0
resnet50,torch-eager,fp32,resnet50-torch-eager-fp32-b16,16,,,8,4.1,5.0551,5.145,197.8,302.3514,57.8767,1.528423,1.23585,0.007726367,19.1,71,20.0,0,NVIDIA GeForce RTX 4090,580.105.08,2700,3105,450.00,65,99
resnet50,torch-eager,fp16,resnet50-torch-eager-fp16-b1,1,,,1,4.1,5.7431,6.1358,174.1,79.559,61.5183,0.456918,0.10361,0.002624137,77.3,73,20.0,0,NVIDIA GeForce RTX 4090,580.105.08,2520,3105,450.00,45,18
resnet50,torch-eager,fp16,resnet50-torch-eager-fp16-b1,1,,,2,4.1,5.6997,6.0048,175.43,78.4884,61.5183,0.447361,0.096724,0.002549827,78.4,73,20.0,0,NVIDIA GeForce RTX 4090,580.105.08,2520,3105,450.00,42,18
resnet50,torch-eager,fp16,resnet50-torch-eager-fp16-b1,1,,,3,4.1,5.6975,5.9563,175.5,77.6804,61.5183,0.442586,0.092084,0.002521645,79.2,72,20.0,0,NVIDIA GeForce RTX 4090,580.105.08,2520,3105,450.00,41,18
resnet50,torch-eager,fp16,resnet50-torch-eager-fp16-b1,1,,,4,4.1,5.7074,5.9767,175.19,77.4739,61.5183,0.442174,0.091065,0.00252366,79.4,74,20.0,0,NVIDIA GeForce RTX 4090,580.105.08,2520,3105,450.00,39,0
resnet50,torch-eager,fp16,resnet50-torch-eager-fp16-b1,1,,,5,4.1,5.6989,6.0282,175.45,76.3148,61.5183,0.434914,0.084324,0.002478554,80.6,73,20.0,0,NVIDIA GeForce RTX 4090,580.105.08,2520,3105,450.00,38,7
resnet50,torch-eager,fp16,resnet50-torch-eager-fp16-b1,1,,,6,4.1,5.6844,5.888,175.9,76.2734,61.5183,0.433568,0.083874,0.002464574,80.7,71,20.0,0,NVIDIA GeForce RTX 4090,580.105.08,2520,3105,450.00,38,18
resnet50,torch-eager,fp16,resnet50-torch-eager-fp16-b1,1,,,7,4.1,5.7117,6.0391,175.06,76.625,61.5183,0.43766,0.086285,0.002499793,80.3,72,20.0,0,NVIDIA GeForce RTX 4090,580.105.08,2520,3105,450.00,38,18
resnet50,torch-eager,fp16,resnet50-torch-eager-fp16-b1,1,,,8,4.1,5.6909,5.9625,175.7,76.4444,61.5183,0.435038,0.084943,0.002475761,80.5,71,20.0,0,NVIDIA GeForce RTX 4090,580.105.08,2520,3105,450.00,38,18
resnet50,torch-eager,fp16,resnet50-torch-eager-fp16-b16,16,,,1,4.1,5.553,5.7438,180.06,176.1953,57.775,0.978418,0.657592,0.005433191,32.8,72,20.0,0,NVIDIA GeForce RTX 4090,580.105.08,2715,3105,450.00,46,54
resnet50,torch-eager,fp16,resnet50-torch-eager-fp16-b16,16,,,2,4.1,5.5719,5.8193,179.45,180.141,57.775,1.003721,0.681806,0.005592592,32.1,71,20.0,0,NVIDIA GeForce RTX 4090,580.105.08,2715,3105,450.00,48,55
resnet50,torch-eager,fp16,resnet50-torch-eager-fp16-b16,16,,,3,4.1,5.5926,5.8766,178.79,179.3479,57.775,1.003014,0.679904,0.005609413,32.2,71,20.0,0,NVIDIA GeForce RTX 4090,580.105.08,2715,3105,450.00,47,55
resnet50,torch-eager,fp16,resnet50-torch-eager-fp16-b16,16,,,4,4.1,5.6265,6.028,177.71,177.9704,57.775,1.001358,0.676285,0.005634184,32.5,70,20.0,0,NVIDIA GeForce RTX 4090,580.105.08,2715,3105,450.00,50,55
resnet50,torch-eager,fp16,resnet50-torch-eager-fp16-b16,16,,,5,4.1,5.6153,5.9857,178.07,179.3243,57.775,1.006957,0.682534,0.005654346,32.2,72,20.0,0,NVIDIA GeForce RTX 4090,580.105.08,2715,3105,450.00,46,0
resnet50,torch-eager,fp16,resnet50-torch-eager-fp16-b16,16,,,6,4.1,5.6002,5.9281,178.54,179.3838,57.775,1.004593,0.681039,0.005625967,32.2,71,20.0,0,NVIDIA GeForce RTX 4090,580.105.08,2715,3105,450.00,51,55
resnet50,torch-eager,fp16,resnet50-torch-eager-fp16-b16,16,,,7,4.1,5.6256,5.9725,177.74,181.6712,57.775,1.022012,0.696992,0.005749447,31.8,69,20.0,0,NVIDIA GeForce RTX 4090,580.105.08,2715,3105,450.00,51,55
resnet50,torch-eager,fp16,resnet50-torch-eager-fp16-b16,16,,,8,4.1,5.6078,5.8569,178.3,179.821,57.775,1.008402,0.684411,0.005654928,32.1,71,20.0,0,NVIDIA GeForce RTX 4090,580.105.08,2715,3105,450.00,51,52
vit_b_16,torch-eager,fp32,vit_b_16-torch-eager-fp32-b1,1,,,1,17.6,4.197,4.4536,238.24,247.291,59.27,1.037876,0.789121,0.004355949,24.0,71,20.0,0,NVIDIA GeForce RTX 4090,580.105.08,2700,3105,450.00,57,20
vit_b_16,torch-eager,fp32,vit_b_16-torch-eager-fp32-b1,1,,,2,17.6,4.1618,4.3641,240.25,255.5955,59.27,1.063738,0.817068,0.004427071,23.2,73,20.0,0,NVIDIA GeForce RTX 4090,580.105.08,2700,3105,450.00,59,53
vit_b_16,torch-eager,fp32,vit_b_16-torch-eager-fp32-b1,1,,,3,17.6,4.1779,4.3976,239.32,252.1936,59.27,1.053634,0.806011,0.004401954,23.5,73,20.0,0,NVIDIA GeForce RTX 4090,580.105.08,2700,3105,450.00,53,0
vit_b_16,torch-eager,fp32,vit_b_16-torch-eager-fp32-b1,1,,,4,17.6,4.1784,4.3952,239.3,251.1995,59.27,1.049603,0.801951,0.004385626,23.6,73,20.0,0,NVIDIA GeForce RTX 4090,580.105.08,2700,3105,450.00,54,7
vit_b_16,torch-eager,fp32,vit_b_16-torch-eager-fp32-b1,1,,,5,17.6,4.1784,4.4458,239.3,257.2012,59.27,1.074677,0.827026,0.004490381,23.0,73,20.0,0,NVIDIA GeForce RTX 4090,580.105.08,2700,3105,450.00,54,53
vit_b_16,torch-eager,fp32,vit_b_16-torch-eager-fp32-b1,1,,,6,17.6,4.1692,4.3677,239.82,257.5294,59.27,1.073689,0.826581,0.004476413,23.0,71,20.0,0,NVIDIA GeForce RTX 4090,580.105.08,2700,3105,450.00,61,49
vit_b_16,torch-eager,fp32,vit_b_16-torch-eager-fp32-b1,1,,,7,17.6,4.1698,4.4003,239.79,259.3443,59.27,1.08141,0.834267,0.004509245,22.9,72,20.0,0,NVIDIA GeForce RTX 4090,580.105.08,2700,3105,450.00,53,53
vit_b_16,torch-eager,fp32,vit_b_16-torch-eager-fp32-b1,1,,,8,17.6,4.1738,4.4433,239.56,256.9241,59.27,1.072353,0.824971,0.0044758,23.1,71,20.0,0,NVIDIA GeForce RTX 4090,580.105.08,2700,3105,450.00,55,15
vit_b_16,torch-eager,fp32,vit_b_16-torch-eager-fp32-b16,16,,,1,17.6,18.8418,19.1586,53.07,413.804,60.62,7.79681,6.65462,0.146905874,14.6,70,20.0,0,NVIDIA GeForce RTX 4090,580.105.08,2685,3105,450.00,61,100
vit_b_16,torch-eager,fp32,vit_b_16-torch-eager-fp32-b16,16,,,2,17.6,19.0695,19.2905,52.44,395.9654,60.62,7.550874,6.394879,0.1439916,15.3,70,20.0,0,NVIDIA GeForce RTX 4090,580.105.08,2580,3105,450.00,69,100
vit_b_16,torch-eager,fp32,vit_b_16-torch-eager-fp32-b16,16,,,3,17.6,19.1125,19.3827,52.32,394.4903,60.62,7.539709,6.381107,0.144102932,15.4,68,20.0,0,NVIDIA GeForce RTX 4090,580.105.08,2700,3105,450.00,60,0
vit_b_16,torch-eager,fp32,vit_b_16-torch-eager-fp32-b16,16,,,4,17.6,19.1509,19.3861,52.21,391.2594,60.62,7.492969,6.332042,0.143497083,15.5,70,20.0,0,NVIDIA GeForce RTX 4090,580.105.08,2670,3105,450.00,70,100
vit_b_16,torch-eager,fp32,vit_b_16-torch-eager-fp32-b16,16,,,5,17.6,19.1966,19.4387,52.09,388.9766,60.62,7.46704,6.30334,0.143342021,15.6,70,20.0,0,NVIDIA GeForce RTX 4090,580.105.08,2250,3105,450.00,70,100
vit_b_16,torch-eager,fp32,vit_b_16-torch-eager-fp32-b16,16,,,6,17.6,19.2145,19.4079,52.04,393.2062,60.62,7.555279,6.390493,0.145171274,15.4,71,20.0,0,NVIDIA GeForce RTX 4090,580.105.08,2265,3105,450.00,70,99
vit_b_16,torch-eager,fp32,vit_b_16-torch-eager-fp32-b16,16,,,7,17.6,19.2728,19.5245,51.88,389.6116,60.62,7.50892,6.3406,0.144718172,15.6,70,20.0,0,NVIDIA GeForce RTX 4090,580.105.08,2700,3105,450.00,59,26
vit_b_16,torch-eager,fp32,vit_b_16-torch-eager-fp32-b16,16,,,8,17.6,19.2286,19.4497,52.0,391.8723,60.62,7.535164,6.369525,0.144890846,15.5,71,20.0,0,NVIDIA GeForce RTX 4090,580.105.08,2235,3105,450.00,70,100
vit_b_16,torch-eager,fp16,vit_b_16-torch-eager-fp16-b1,1,,,1,17.6,4.305,4.5398,232.26,110.4771,60.4733,0.475601,0.215265,0.002047454,54.7,75,20.0,0,NVIDIA GeForce RTX 4090,580.105.08,2520,3105,450.00,45,29
vit_b_16,torch-eager,fp16,vit_b_16-torch-eager-fp16-b1,1,,,2,17.6,4.3332,4.6438,230.74,110.0814,60.4733,0.477004,0.214961,0.002066951,54.9,72,20.0,0,NVIDIA GeForce RTX 4090,580.105.08,2520,3105,450.00,43,4
vit_b_16,torch-eager,fp16,vit_b_16-torch-eager-fp16-b1,1,,,3,17.6,4.3454,4.6685,230.1,110.9827,60.4733,0.482262,0.219482,0.00209561,54.5,74,20.0,0,NVIDIA GeForce RTX 4090,580.105.08,2520,3105,450.00,44,28
vit_b_16,torch-eager,fp16,vit_b_16-torch-eager-fp16-b1,1,,,4,17.6,4.3429,4.6539,230.23,110.7569,60.4733,0.481003,0.218375,0.002088932,54.6,72,20.0,0,NVIDIA GeForce RTX 4090,580.105.08,2520,3105,450.00,43,28
vit_b_16,torch-eager,fp16,vit_b_16-torch-eager-fp16-b1,1,,,5,17.6,4.3225,4.532,231.32,110.2621,60.4733,0.476607,0.215211,0.002060126,54.8,70,20.0,0,NVIDIA GeForce RTX 4090,580.105.08,2520,3105,450.00,43,29
vit_b_16,torch-eager,fp16,vit_b_16-torch-eager-fp16-b1,1,,,6,17.6,4.3356,4.5996,230.62,110.4506,60.4733,0.478869,0.216681,0.002076182,54.8,71,20.0,0,NVIDIA GeForce RTX 4090,580.105.08,2520,3105,450.00,41,28
vit_b_16,torch-eager,fp16,vit_b_16-torch-eager-fp16-b1,1,,,7,17.6,4.2867,4.4734,233.25,110.8876,60.4733,0.475345,0.216112,0.002037677,54.5,72,20.0,0,NVIDIA GeForce RTX 4090,580.105.08,2520,3105,450.00,40,0
vit_b_16,torch-eager,fp16,vit_b_16-torch-eager-fp16-b1,1,,,8,17.6,4.3028,4.4937,232.37,110.0919,60.4733,0.473707,0.213501,0.002038284,54.9,72,20.0,0,NVIDIA GeForce RTX 4090,580.105.08,2520,3105,450.00,42,28
vit_b_16,torch-eager,fp16,vit_b_16-torch-eager-fp16-b16,16,,,1,17.6,5.576,5.6685,179.32,432.3932,58.27,2.411009,2.086097,0.013443699,13.5,73,20.0,0,NVIDIA GeForce RTX 4090,580.105.08,2655,3105,450.00,66,99
vit_b_16,torch-eager,fp16,vit_b_16-torch-eager-fp16-b16,16,,,2,17.6,5.6615,5.7664,176.61,420.403,58.27,2.380125,2.050228,0.013475154,13.9,73,20.0,0,NVIDIA GeForce RTX 4090,580.105.08,2610,3105,450.00,68,99
vit_b_16,torch-eager,fp16,vit_b_16-torch-eager-fp16-b16,16,,,3,17.6,5.6843,5.7701,175.9,410.7805,58.27,2.335008,2.003783,0.013272933,14.2,73,20.0,0,NVIDIA GeForce RTX 4090,580.105.08,2655,3105,450.00,70,99
vit_b_16,torch-eager,fp16,vit_b_16-torch-eager-fp16-b16,16,,,4,17.6,5.7089,5.7964,175.15,411.0037,58.27,2.346384,2.013725,0.013395296,14.2,73,20.0,0,NVIDIA GeForce RTX 4090,580.105.08,2685,3105,450.00,60,54
vit_b_16,torch-eager,fp16,vit_b_16-torch-eager-fp16-b16,16,,,5,17.6,5.7306,5.8302,174.48,406.5437,58.27,2.329725,1.995805,0.013350643,14.3,71,20.0,0,NVIDIA GeForce RTX 4090,580.105.08,2685,3105,450.00,60,99
vit_b_16,torch-eager,fp16,vit_b_16-torch-eager-fp16-b16,16,,,6,17.6,5.7413,5.8473,174.16,403.2274,58.27,2.315033,1.98049,0.013291207,14.5,72,20.0,0,NVIDIA GeForce RTX 4090,580.105.08,2610,3105,450.00,70,99
vit_b_16,torch-eager,fp16,vit_b_16-torch-eager-fp16-b16,16,,,7,17.6,5.7473,5.8523,173.97,405.4862,58.27,2.330467,1.99557,0.013393989,14.4,71,20.0,0,NVIDIA GeForce RTX 4090,580.105.08,2700,3105,450.00,58,0
vit_b_16,torch-eager,fp16,vit_b_16-torch-eager-fp16-b16,16,,,8,17.6,5.7612,5.8668,173.56,405.4127,58.27,2.335654,1.999951,0.013456118,14.4,73,20.0,0,NVIDIA GeForce RTX 4090,580.105.08,2550,3105,450.00,70,99
mobilenetv2,torch-compile,fp32,mobilenetv2-torch-compile-fp32-b1,1,,,1,0.31,2.5021,2.6379,399.59,68.5466,55.8133,0.171508,0.031859,0.000429124,81.4,73,20.0,0,NVIDIA GeForce RTX 4090,580.105.08,2520,3105,450.00,33,0
mobilenetv2,torch-compile,fp32,mobilenetv2-torch-compile-fp32-b1,1,,,2,0.31,2.5051,2.666,399.1,68.8601,55.8133,0.172501,0.032683,0.00043213,81.1,73,20.0,0,NVIDIA GeForce RTX 4090,580.105.08,2520,3105,450.00,34,14
mobilenetv2,torch-compile,fp32,mobilenetv2-torch-compile-fp32-b1,1,,,3,0.31,2.5185,2.6989,396.98,69.3292,55.8133,0.174605,0.034039,0.000439739,80.5,72,20.0,0,NVIDIA GeForce RTX 4090,580.105.08,2520,3105,450.00,35,14
mobilenetv2,torch-compile,fp32,mobilenetv2-torch-compile-fp32-b1,1,,,4,0.31,2.5201,2.6757,396.73,69.3968,55.8133,0.174884,0.034231,0.000440721,80.4,74,20.0,0,NVIDIA GeForce RTX 4090,580.105.08,2520,3105,450.00,35,14
mobilenetv2,torch-compile,fp32,mobilenetv2-torch-compile-fp32-b1,1,,,5,0.31,2.5153,2.6995,397.49,69.7133,55.8133,0.175348,0.034962,0.000441046,80.1,72,20.0,0,NVIDIA GeForce RTX 4090,580.105.08,2520,3105,450.00,36,14
mobilenetv2,torch-compile,fp32,mobilenetv2-torch-compile-fp32-b1,1,,,6,0.31,2.5285,2.741,395.4,70.1062,55.8133,0.177267,0.03614,0.000448227,79.6,73,20.0,0,NVIDIA GeForce RTX 4090,580.105.08,2520,3105,450.00,36,14
mobilenetv2,torch-compile,fp32,mobilenetv2-torch-compile-fp32-b1,1,,,7,0.31,2.527,2.7095,395.63,70.0268,55.8133,0.176961,0.035918,0.000447189,79.7,72,20.0,0,NVIDIA GeForce RTX 4090,580.105.08,2520,3105,450.00,36,14
mobilenetv2,torch-compile,fp32,mobilenetv2-torch-compile-fp32-b1,1,,,8,0.31,2.5127,2.6726,397.89,70.0779,55.8133,0.176084,0.035842,0.000442442,79.6,73,20.0,0,NVIDIA GeForce RTX 4090,580.105.08,2520,3105,450.00,36,14
mobilenetv2,torch-compile,fp32,mobilenetv2-torch-compile-fp32-b16,16,,,1,0.31,2.5089,2.6724,398.49,172.9028,56.9,0.433804,0.291045,0.001088389,32.9,72,20.0,0,NVIDIA GeForce RTX 4090,580.105.08,2730,3105,450.00,43,59
mobilenetv2,torch-compile,fp32,mobilenetv2-torch-compile-fp32-b16,16,,,2,0.31,2.5052,2.692,399.08,176.7442,56.9,0.442781,0.300235,0.00110926,32.2,72,20.0,0,NVIDIA GeForce RTX 4090,580.105.08,2715,3105,450.00,45,5
mobilenetv2,torch-compile,fp32,mobilenetv2-torch-compile-fp32-b16,16,,,3,0.31,2.4967,2.6253,400.43,177.8212,56.9,0.443971,0.301908,0.001108477,32.0,74,20.0,0,NVIDIA GeForce RTX 4090,580.105.08,2715,3105,450.00,48,59
mobilenetv2,torch-compile,fp32,mobilenetv2-torch-compile-fp32-b16,16,,,4,0.31,2.4986,2.6648,400.14,179.9065,56.9,0.449507,0.307339,0.001123121,31.6,72,20.0,0,NVIDIA GeForce RTX 4090,580.105.08,2715,3105,450.00,49,59
mobilenetv2,torch-compile,fp32,mobilenetv2-torch-compile-fp32-b16,16,,,5,0.31,2.4916,2.6389,401.26,180.6784,56.9,0.450171,0.308401,0.001121628,31.5,74,20.0,0,NVIDIA GeForce RTX 4090,580.105.08,2715,3105,450.00,47,35
mobilenetv2,torch-compile,fp32,mobilenetv2-torch-compile-fp32-b16,16,,,6,0.31,2.4885,2.6144,401.76,180.9837,56.9,0.450374,0.30878,0.001120747,31.4,72,20.0,0,NVIDIA GeForce RTX 4090,580.105.08,2715,3105,450.00,50,59
mobilenetv2,torch-compile,fp32,mobilenetv2-torch-compile-fp32-b16,16,,,7,0.31,2.4939,2.6546,400.89,179.6133,56.9,0.447938,0.306035,0.001117115,31.7,73,20.0,0,NVIDIA GeForce RTX 4090,580.105.08,2715,3105,450.00,47,0
mobilenetv2,torch-compile,fp32,mobilenetv2-torch-compile-fp32-b16,16,,,8,0.31,2.4947,2.6867,400.76,180.9225,56.9,0.451339,0.309393,0.001125936,31.4,72,20.0,0,NVIDIA GeForce RTX 4090,580.105.08,2715,3105,450.00,51,58
mobilenetv2,torch-compile,fp16,mobilenetv2-torch-compile-fp16-b1,1,,,1,0.31,2.5079,2.6768,398.67,70.5269,58.0733,0.176872,0.031232,0.00044357,82.3,74,20.0,0,NVIDIA GeForce RTX 4090,580.105.08,2520,3105,450.00,37,12
mobilenetv2,torch-compile,fp16,mobilenetv2-torch-compile-fp16-b1,1,,,2,0.31,2.5338,2.7458,394.59,70.499,58.0733,0.178628,0.031484,0.000452603,82.4,72,20.0,0,NVIDIA GeForce RTX 4090,580.105.08,2520,3105,450.00,37,11
mobilenetv2,torch-compile,fp16,mobilenetv2-torch-compile-fp16-b1,1,,,3,0.31,2.517,2.681,397.22,70.4356,58.0733,0.177285,0.031116,0.000446223,82.4,73,20.0,0,NVIDIA GeForce RTX 4090,580.105.08,2520,3105,450.00,37,12
mobilenetv2,torch-compile,fp16,mobilenetv2-torch-compile-fp16-b1,1,,,4,0.31,2.5259,2.7107,395.81,70.3307,58.0733,0.177648,0.030961,0.00044872,82.6,73,20.0,0,NVIDIA GeForce RTX 4090,580.105.08,2520,3105,450.00,36,12
mobilenetv2,torch-compile,fp16,mobilenetv2-torch-compile-fp16-b1,1,,,5,0.31,2.5245,2.7156,396.03,70.4941,58.0733,0.177962,0.031356,0.000449266,82.4,70,20.0,0,NVIDIA GeForce RTX 4090,580.105.08,2520,3105,450.00,36,12
mobilenetv2,torch-compile,fp16,mobilenetv2-torch-compile-fp16-b1,1,,,6,0.31,2.5137,2.646,397.73,70.4178,58.0733,0.177012,0.031031,0.00044496,82.5,72,20.0,0,NVIDIA GeForce RTX 4090,580.105.08,2520,3105,450.00,36,12
mobilenetv2,torch-compile,fp16,mobilenetv2-torch-compile-fp16-b1,1,,,7,0.31,2.5215,2.7167,396.5,70.4506,58.0733,0.177643,0.031209,0.00044793,82.4,72,20.0,0,NVIDIA GeForce RTX 4090,580.105.08,2520,3105,450.00,36,11
mobilenetv2,torch-compile,fp16,mobilenetv2-torch-compile-fp16-b1,1,,,8,0.31,2.5301,2.6929,395.16,70.062,58.0733,0.177262,0.030332,0.000448484,82.9,71,20.0,0,NVIDIA GeForce RTX 4090,580.105.08,2520,3105,450.00,36,12
mobilenetv2,torch-compile,fp16,mobilenetv2-torch-compile-fp16-b16,16,,,1,0.31,2.4737,2.6397,404.17,103.8583,56.7967,0.256916,0.116417,0.000635536,54.7,72,20.0,0,NVIDIA GeForce RTX 4090,580.105.08,2520,3105,450.00,37,24
mobilenetv2,torch-compile,fp16,mobilenetv2-torch-compile-fp16-b16,16,,,2,0.31,2.4748,2.6319,403.99,106.464,56.7967,0.263476,0.122916,0.000652047,53.3,72,20.0,0,NVIDIA GeForce RTX 4090,580.105.08,2520,3105,450.00,40,30
mobilenetv2,torch-compile,fp16,mobilenetv2-torch-compile-fp16-b16,16,,,3,0.31,2.4968,2.7291,400.43,106.7377,56.7967,0.266501,0.124692,0.000665396,53.2,71,20.0,0,NVIDIA GeForce RTX 4090,580.105.08,2520,3105,450.00,40,29
mobilenetv2,torch-compile,fp16,mobilenetv2-torch-compile-fp16-b16,16,,,4,0.31,2.4764,2.6109,403.73,106.7101,56.7967,0.264255,0.123605,0.000654398,53.2,71,20.0,0,NVIDIA GeForce RTX 4090,580.105.08,2520,3105,450.00,40,29
mobilenetv2,torch-compile,fp16,mobilenetv2-torch-compile-fp16-b16,16,,,5,0.31,2.4907,2.6692,401.4,107.1439,56.7967,0.266867,0.125402,0.000664693,53.0,71,20.0,0,NVIDIA GeForce RTX 4090,580.105.08,2520,3105,450.00,39,5
mobilenetv2,torch-compile,fp16,mobilenetv2-torch-compile-fp16-b16,16,,,6,0.31,2.4766,2.6578,403.7,106.887,56.7967,0.264712,0.124052,0.000655575,53.1,73,20.0,0,NVIDIA GeForce RTX 4090,580.105.08,2520,3105,450.00,39,29
mobilenetv2,torch-compile,fp16,mobilenetv2-torch-compile-fp16-b16,16,,,7,0.31,2.4806,2.6653,403.04,107.5432,56.7967,0.266769,0.125881,0.000661743,52.8,73,20.0,0,NVIDIA GeForce RTX 4090,580.105.08,2520,3105,450.00,38,0
mobilenetv2,torch-compile,fp16,mobilenetv2-torch-compile-fp16-b16,16,,,8,0.31,2.4778,2.6169,403.5,106.2144,56.7967,0.263173,0.122445,0.000652079,53.5,73,20.0,0,NVIDIA GeForce RTX 4090,580.105.08,2520,3105,450.00,41,29
resnet50,torch-compile,fp32,resnet50-torch-compile-fp32-b1,1,,,1,4.1,3.1761,3.4287,314.8,92.4148,57.4067,0.293514,0.111188,0.000932215,62.1,71,20.0,0,NVIDIA GeForce RTX 4090,580.105.08,2520,3105,450.00,38,32
resnet50,torch-compile,fp32,resnet50-torch-compile-fp32-b1,1,,,2,4.1,3.1937,3.4572,313.07,92.9735,57.4067,0.296925,0.113588,0.000948274,61.7,72,20.0,0,NVIDIA GeForce RTX 4090,580.105.08,2520,3105,450.00,38,32
resnet50,torch-compile,fp32,resnet50-torch-compile-fp32-b1,1,,,3,4.1,3.1617,3.3271,316.23,93.5687,57.4067,0.295841,0.114335,0.000935373,61.4,71,20.0,0,NVIDIA GeForce RTX 4090,580.105.08,2520,3105,450.00,39,32
resnet50,torch-compile,fp32,resnet50-torch-compile-fp32-b1,1,,,4,4.1,3.171,3.3595,315.31,93.7226,57.4067,0.297192,0.115157,0.00094239,61.3,73,20.0,0,NVIDIA GeForce RTX 4090,580.105.08,2520,3105,450.00,37,32
resnet50,torch-compile,fp32,resnet50-torch-compile-fp32-b1,1,,,5,4.1,3.1887,3.403,313.55,93.5133,57.4067,0.29819,0.115135,0.00095085,61.4,72,20.0,0,NVIDIA GeForce RTX 4090,580.105.08,2520,3105,450.00,39,32
resnet50,torch-compile,fp32,resnet50-torch-compile-fp32-b1,1,,,6,4.1,3.1675,3.3375,315.65,93.9199,57.4067,0.297493,0.115656,0.000942313,61.1,71,20.0,0,NVIDIA GeForce RTX 4090,580.105.08,2520,3105,450.00,37,32
resnet50,torch-compile,fp32,resnet50-torch-compile-fp32-b1,1,,,7,4.1,3.1853,3.4213,313.89,93.621,57.4067,0.298207,0.115352,0.000949864,61.3,71,20.0,0,NVIDIA GeForce RTX 4090,580.105.08,2520,3105,450.00,39,32
resnet50,torch-compile,fp32,resnet50-torch-compile-fp32-b1,1,,,8,4.1,3.1885,3.4193,313.57,93.4434,57.4067,0.297945,0.114904,0.000950003,61.4,71,20.0,0,NVIDIA GeForce RTX 4090,580.105.08,2520,3105,450.00,39,32
resnet50,torch-compile,fp32,resnet50-torch-compile-fp32-b16,16,,,1,4.1,4.0347,4.1562,247.82,272.0433,60.0467,1.097615,0.855344,0.004428551,22.1,69,20.0,0,NVIDIA GeForce RTX 4090,580.105.08,2715,3105,450.00,55,94
resnet50,torch-compile,fp32,resnet50-torch-compile-fp32-b16,16,,,2,4.1,4.0275,4.1447,248.26,286.2239,60.0467,1.152776,0.910936,0.00464284,21.0,71,20.0,0,NVIDIA GeForce RTX 4090,580.105.08,2700,3105,450.00,59,94
resnet50,torch-compile,fp32,resnet50-torch-compile-fp32-b16,16,,,3,4.1,4.0267,4.1367,248.31,289.2792,60.0467,1.164829,0.923041,0.004690368,20.8,71,20.0,0,NVIDIA GeForce RTX 4090,580.105.08,2700,3105,450.00,54,94
resnet50,torch-compile,fp32,resnet50-torch-compile-fp32-b16,16,,,4,4.1,4.0454,4.156,247.16,292.5277,60.0467,1.183382,0.940471,0.004787214,20.5,71,20.0,0,NVIDIA GeForce RTX 4090,580.105.08,2700,3105,450.00,62,86
resnet50,torch-compile,fp32,resnet50-torch-compile-fp32-b16,16,,,5,4.1,4.0274,4.1359,248.27,292.7703,60.0467,1.179095,0.937265,0.004748653,20.5,72,20.0,0,NVIDIA GeForce RTX 4090,580.105.08,2700,3105,450.00,63,94
resnet50,torch-compile,fp32,resnet50-torch-compile-fp32-b16,16,,,6,4.1,4.0383,4.1379,247.59,293.4775,60.0467,1.185155,0.942668,0.004786034,20.5,69,20.0,0,NVIDIA GeForce RTX 4090,580.105.08,2700,3105,450.00,64,94
resnet50,torch-compile,fp32,resnet50-torch-compile-fp32-b16,16,,,7,4.1,4.0248,4.1342,248.42,295.8799,60.0467,1.190864,0.949187,0.004793017,20.3,72,20.0,0,NVIDIA GeForce RTX 4090,580.105.08,2700,3105,450.00,64,94
resnet50,torch-compile,fp32,resnet50-torch-compile-fp32-b16,16,,,8,4.1,4.0266,4.1261,248.31,291.4178,60.0467,1.173422,0.931639,0.004724901,20.6,73,20.0,0,NVIDIA GeForce RTX 4090,580.105.08,2700,3105,450.00,64,93
resnet50,torch-compile,fp16,resnet50-torch-compile-fp16-b1,1,,,1,4.1,2.781,2.984,359.51,79.4108,59.3933,0.220845,0.05567,0.000614182,74.8,71,20.0,0,NVIDIA GeForce RTX 4090,580.105.08,2520,3105,450.00,42,19
resnet50,torch-compile,fp16,resnet50-torch-compile-fp16-b1,1,,,2,4.1,2.7977,3.0134,357.37,78.9711,59.3933,0.220935,0.054772,0.000618102,75.2,72,20.0,0,NVIDIA GeForce RTX 4090,580.105.08,2520,3105,450.00,41,19
resnet50,torch-compile,fp16,resnet50-torch-compile-fp16-b1,1,,,3,4.1,2.7847,2.9205,359.03,78.9947,59.3933,0.21998,0.054585,0.000612586,75.2,72,20.0,0,NVIDIA GeForce RTX 4090,580.105.08,2520,3105,450.00,40,18
resnet50,torch-compile,fp16,resnet50-torch-compile-fp16-b1,1,,,4,4.1,2.7723,2.9021,360.64,78.8938,59.3933,0.218714,0.05406,0.000606332,75.3,72,20.0,0,NVIDIA GeForce RTX 4090,580.105.08,2520,3105,450.00,38,14
resnet50,torch-compile,fp16,resnet50-torch-compile-fp16-b1,1,,,5,4.1,2.7941,3.0118,357.82,78.5326,59.3933,0.219429,0.053477,0.000613108,75.6,72,20.0,0,NVIDIA GeForce RTX 4090,580.105.08,2520,3105,450.00,38,19
resnet50,torch-compile,fp16,resnet50-torch-compile-fp16-b1,1,,,6,4.1,2.7715,2.9172,360.74,78.3934,59.3933,0.217269,0.052659,0.000602167,75.8,73,20.0,0,NVIDIA GeForce RTX 4090,580.105.08,2520,3105,450.00,37,19
resnet50,torch-compile,fp16,resnet50-torch-compile-fp16-b1,1,,,7,4.1,2.8016,3.0183,356.87,78.3175,59.3933,0.219414,0.053018,0.000614707,75.8,73,20.0,0,NVIDIA GeForce RTX 4090,580.105.08,2520,3105,450.00,37,0
resnet50,torch-compile,fp16,resnet50-torch-compile-fp16-b1,1,,,8,4.1,2.7745,2.9365,360.35,78.0744,59.3933,0.21662,0.051831,0.000601019,76.1,72,20.0,0,NVIDIA GeForce RTX 4090,580.105.08,2520,3105,450.00,38,19
resnet50,torch-compile,fp16,resnet50-torch-compile-fp16-b16,16,,,1,4.1,2.687,2.8981,372.09,205.3018,57.064,0.55164,0.398311,0.001482242,27.8,72,20.0,0,NVIDIA GeForce RTX 4090,580.105.08,2715,3105,450.00,44,0
resnet50,torch-compile,fp16,resnet50-torch-compile-fp16-b16,16,,,2,4.1,2.7008,2.9131,370.18,209.171,57.064,0.564932,0.410813,0.001525777,27.3,72,20.0,0,NVIDIA GeForce RTX 4090,580.105.08,2715,3105,450.00,52,67
resnet50,torch-compile,fp16,resnet50-torch-compile-fp16-b16,16,,,3,4.1,2.6968,2.8991,370.74,213.3513,57.064,0.575359,0.421471,0.00155161,26.7,70,20.0,0,NVIDIA GeForce RTX 4090,580.105.08,2715,3105,450.00,53,67
resnet50,torch-compile,fp16,resnet50-torch-compile-fp16-b16,16,,,4,4.1,2.6763,2.8452,373.58,215.2176,57.064,0.575979,0.423261,0.001541474,26.5,72,20.0,0,NVIDIA GeForce RTX 4090,580.105.08,2715,3105,450.00,55,64
resnet50,torch-compile,fp16,resnet50-torch-compile-fp16-b16,16,,,5,4.1,2.6894,2.8723,371.75,215.5182,57.064,0.57961,0.426143,0.001558792,26.5,71,20.0,0,NVIDIA GeForce RTX 4090,580.105.08,2700,3105,450.00,50,0
resnet50,torch-compile,fp16,resnet50-torch-compile-fp16-b16,16,,,6,4.1,2.7033,3.0013,369.84,216.1142,57.064,0.584219,0.429958,0.001579312,26.4,72,20.0,0,NVIDIA GeForce RTX 4090,580.105.08,2700,3105,450.00,56,67
resnet50,torch-compile,fp16,resnet50-torch-compile-fp16-b16,16,,,7,4.1,2.682,2.8508,372.78,216.6021,57.064,0.580917,0.427874,0.001557992,26.3,72,20.0,0,NVIDIA GeForce RTX 4090,580.105.08,2700,3105,450.00,57,67
resnet50,torch-compile,fp16,resnet50-torch-compile-fp16-b16,16,,,8,4.1,2.7024,2.9249,369.96,216.9103,57.064,0.586187,0.431975,0.001584133,26.3,71,20.0,0,NVIDIA GeForce RTX 4090,580.105.08,2700,3105,450.00,54,67
vit_b_16,torch-compile,fp32,vit_b_16-torch-compile-fp32-b1,1,,,1,17.6,3.6948,3.8646,270.61,272.166,58.905,1.005589,0.787949,0.003715411,21.6,73,20.0,0,NVIDIA GeForce RTX 4090,580.105.08,2700,3105,450.00,60,63
vit_b_16,torch-compile,fp32,vit_b_16-torch-compile-fp32-b1,1,,,2,17.6,3.686,3.8702,271.26,285.3296,58.905,1.051714,0.834592,0.003876578,20.6,71,20.0,0,NVIDIA GeForce RTX 4090,580.105.08,2700,3105,450.00,63,66
vit_b_16,torch-compile,fp32,vit_b_16-torch-compile-fp32-b1,1,,,3,17.6,3.7088,3.9546,269.59,288.1589,58.905,1.06871,0.850246,0.003963583,20.4,72,20.0,0,NVIDIA GeForce RTX 4090,580.105.08,2700,3105,450.00,55,66
vit_b_16,torch-compile,fp32,vit_b_16-torch-compile-fp32-b1,1,,,4,17.6,3.7104,3.9769,269.47,287.2865,58.905,1.065943,0.847383,0.003955059,20.5,72,20.0,0,NVIDIA GeForce RTX 4090,580.105.08,2700,3105,450.00,65,66
vit_b_16,torch-compile,fp32,vit_b_16-torch-compile-fp32-b1,1,,,5,17.6,3.6896,3.8532,270.99,289.7189,58.905,1.068961,0.851622,0.003944092,20.3,74,20.0,0,NVIDIA GeForce RTX 4090,580.105.08,2700,3105,450.00,65,66
vit_b_16,torch-compile,fp32,vit_b_16-torch-compile-fp32-b1,1,,,6,17.6,3.7139,3.9492,269.22,288.1664,58.905,1.07021,0.851445,0.003974614,20.4,73,20.0,0,NVIDIA GeForce RTX 4090,580.105.08,2700,3105,450.00,65,66
vit_b_16,torch-compile,fp32,vit_b_16-torch-compile-fp32-b1,1,,,7,17.6,3.7002,3.8971,270.22,288.5646,58.905,1.067737,0.849779,0.003950804,20.4,72,20.0,0,NVIDIA GeForce RTX 4090,580.105.08,2700,3105,450.00,66,66
vit_b_16,torch-compile,fp32,vit_b_16-torch-compile-fp32-b1,1,,,8,17.6,3.7239,3.9812,268.49,288.7397,58.905,1.075232,0.855877,0.004004035,20.4,73,20.0,0,NVIDIA GeForce RTX 4090,580.105.08,2700,3105,450.00,65,66
vit_b_16,torch-compile,fp32,vit_b_16-torch-compile-fp32-b16,16,,,1,17.6,20.2829,20.7854,49.3,408.8015,60.77,8.29168,7.059088,0.16817931,14.9,73,20.0,0,NVIDIA GeForce RTX 4090,580.105.08,2700,3105,450.00,54,0
vit_b_16,torch-compile,fp32,vit_b_16-torch-compile-fp32-b16,16,,,2,17.6,20.6546,21.1463,48.41,412.8428,60.77,8.527123,7.27194,0.176124712,14.7,71,20.0,0,NVIDIA GeForce RTX 4090,580.105.08,2280,3105,450.00,69,99
vit_b_16,torch-compile,fp32,vit_b_16-torch-compile-fp32-b16,16,,,3,17.6,20.7718,21.1843,48.14,404.5578,60.77,8.403403,7.141099,0.174553991,15.0,72,20.0,0,NVIDIA GeForce RTX 4090,580.105.08,2280,3105,450.00,70,99
vit_b_16,torch-compile,fp32,vit_b_16-torch-compile-fp32-b16,16,,,4,17.6,20.791,21.4212,48.1,402.7892,60.77,8.374402,7.110931,0.174112441,15.1,72,20.0,0,NVIDIA GeForce RTX 4090,580.105.08,2595,3105,450.00,64,99
vit_b_16,torch-compile,fp32,vit_b_16-torch-compile-fp32-b16,16,,,5,17.6,20.8671,21.3321,47.92,399.6732,60.77,8.340028,7.071933,0.174032364,15.2,73,20.0,0,NVIDIA GeForce RTX 4090,580.105.08,2685,3105,450.00,60,99
vit_b_16,torch-compile,fp32,vit_b_16-torch-compile-fp32-b16,16,,,6,17.6,20.8757,21.3587,47.9,399.8903,60.77,8.348006,7.079387,0.174270827,15.2,72,20.0,0,NVIDIA GeForce RTX 4090,580.105.08,2700,3105,450.00,58,0
vit_b_16,torch-compile,fp32,vit_b_16-torch-compile-fp32-b16,16,,,7,17.6,20.9221,21.3389,47.79,399.0034,60.77,8.347995,7.076558,0.174657715,15.2,73,20.0,0,NVIDIA GeForce RTX 4090,580.105.08,2220,3105,450.00,70,99
vit_b_16,torch-compile,fp32,vit_b_16-torch-compile-fp32-b16,16,,,8,17.6,20.8725,21.236,47.91,393.8006,60.77,8.219592,6.951172,0.171563217,15.4,72,20.0,0,NVIDIA GeForce RTX 4090,580.105.08,2265,3105,450.00,71,99
vit_b_16,torch-compile,fp16,vit_b_16-torch-compile-fp16-b1,1,,,1,17.6,3.8092,4.0038,262.48,111.9541,59.0467,0.426461,0.201537,0.001624493,52.7,73,20.0,0,NVIDIA GeForce RTX 4090,580.105.08,2520,3105,450.00,46,35
vit_b_16,torch-compile,fp16,vit_b_16-torch-compile-fp16-b1,1,,,2,17.6,3.8167,4.0648,261.97,113.2424,59.0467,0.43221,0.206848,0.001649609,52.1,72,20.0,0,NVIDIA GeForce RTX 4090,580.105.08,2520,3105,450.00,44,35
vit_b_16,torch-compile,fp16,vit_b_16-torch-compile-fp16-b1,1,,,3,17.6,3.8133,4.0413,262.2,112.3582,59.0467,0.428454,0.203292,0.001633821,52.6,71,20.0,0,NVIDIA GeForce RTX 4090,580.105.08,2520,3105,450.00,44,35
vit_b_16,torch-compile,fp16,vit_b_16-torch-compile-fp16-b1,1,,,4,17.6,3.8079,4.009,262.57,112.4804,59.0467,0.428311,0.203469,0.001630955,52.5,73,20.0,0,NVIDIA GeForce RTX 4090,580.105.08,2520,3105,450.00,44,35
vit_b_16,torch-compile,fp16,vit_b_16-torch-compile-fp16-b1,1,,,5,17.6,3.8341,4.1261,260.78,112.4419,59.0467,0.431113,0.204723,0.001652932,52.5,72,20.0,0,NVIDIA GeForce RTX 4090,580.105.08,2520,3105,450.00,43,34
vit_b_16,torch-compile,fp16,vit_b_16-torch-compile-fp16-b1,1,,,6,17.6,3.8068,4.039,262.65,113.0727,59.0467,0.430447,0.205667,0.001638631,52.2,73,20.0,0,NVIDIA GeForce RTX 4090,580.105.08,2520,3105,450.00,42,35
vit_b_16,torch-compile,fp16,vit_b_16-torch-compile-fp16-b1,1,,,7,17.6,3.8017,4.0215,263.0,113.4807,59.0467,0.43142,0.206942,0.001640128,52.0,73,20.0,0,NVIDIA GeForce RTX 4090,580.105.08,2520,3105,450.00,43,35
vit_b_16,torch-compile,fp16,vit_b_16-torch-compile-fp16-b1,1,,,8,17.6,3.8011,4.009,263.04,112.6406,59.0467,0.428154,0.203714,0.001627441,52.4,72,20.0,0,NVIDIA GeForce RTX 4090,580.105.08,2520,3105,450.00,43,35
vit_b_16,torch-compile,fp16,vit_b_16-torch-compile-fp16-b16,16,,,1,17.6,6.5801,6.7496,151.96,427.0993,64.3433,2.81034,2.386957,0.018492216,15.1,70,20.0,0,NVIDIA GeForce RTX 4090,580.105.08,2700,3105,450.00,61,97
vit_b_16,torch-compile,fp16,vit_b_16-torch-compile-fp16-b16,16,,,2,17.6,6.6718,6.8307,149.87,431.9457,64.3433,2.881856,2.45257,0.019227171,14.9,72,20.0,0,NVIDIA GeForce RTX 4090,580.105.08,2565,3105,450.00,68,97
vit_b_16,torch-compile,fp16,vit_b_16-torch-compile-fp16-b16,16,,,3,17.6,6.7037,6.8647,149.16,418.9099,64.3433,2.808236,2.376899,0.01882551,15.4,71,20.0,0,NVIDIA GeForce RTX 4090,580.105.08,2565,3105,450.00,69,97
vit_b_16,torch-compile,fp16,vit_b_16-torch-compile-fp16-b16,16,,,4,17.6,6.7438,6.8994,148.27,414.5914,64.3433,2.795904,2.361989,0.018854906,15.5,72,20.0,0,NVIDIA GeForce RTX 4090,580.105.08,2550,3105,450.00,70,97
vit_b_16,torch-compile,fp16,vit_b_16-torch-compile-fp16-b16,16,,,5,17.6,6.772,6.9386,147.65,411.3618,64.3433,2.785727,2.349996,0.018864837,15.6,72,20.0,0,NVIDIA GeForce RTX 4090,580.105.08,2700,3105,450.00,61,97
vit_b_16,torch-compile,fp16,vit_b_16-torch-compile-fp16-b16,16,,,6,17.6,6.7604,6.9177,147.91,412.5792,64.3433,2.789187,2.354202,0.018855927,15.6,71,20.0,0,NVIDIA GeForce RTX 4090,580.105.08,2565,3105,450.00,71,97
vit_b_16,torch-compile,fp16,vit_b_16-torch-compile-fp16-b16,16,,,7,17.6,6.7742,6.9505,147.6,406.9952,64.3433,2.757062,2.321188,0.018676861,15.8,73,20.0,0,NVIDIA GeForce RTX 4090,580.105.08,2685,3105,450.00,66,97
vit_b_16,torch-compile,fp16,vit_b_16-torch-compile-fp16-b16,16,,,8,17.6,6.7805,6.9525,147.47,410.0151,64.3433,2.780124,2.343841,0.018850737,15.7,70,20.0,0,NVIDIA GeForce RTX 4090,580.105.08,2550,3105,450.00,70,97
resnet18,ort-cuda,fp32,resnet18-ort-fp32-opt0-b1,1,0,0,1,1.8,0.65,0.676,1537.19,146.2436,57.07,0.095064,0.057966,6.1795e-05,39.0,76,20.0,0,NVIDIA GeForce RTX 4090,580.105.08,2730,3105,450.00,39,68
resnet18,ort-cuda,fp32,resnet18-ort-fp32-opt0-b1,1,0,0,2,1.8,0.6476,0.6725,1542.92,150.5582,57.07,0.097499,0.060541,6.3138e-05,37.9,78,20.0,0,NVIDIA GeForce RTX 4090,580.105.08,2715,3105,450.00,37,68
resnet18,ort-cuda,fp32,resnet18-ort-fp32-opt0-b1,1,0,0,3,1.8,0.6516,0.6789,1533.55,150.3375,57.07,0.097954,0.06077,6.3824e-05,38.0,79,20.0,0,NVIDIA GeForce RTX 4090,580.105.08,2715,3105,450.00,42,68
resnet18,ort-cuda,fp32,resnet18-ort-fp32-opt0-b1,1,0,0,4,1.8,0.6505,0.6699,1536.02,150.0147,57.07,0.097587,0.060462,6.3482e-05,38.0,75,20.0,0,NVIDIA GeForce RTX 4090,580.105.08,2715,3105,450.00,40,61
resnet18,ort-cuda,fp32,resnet18-ort-fp32-opt0-b1,1,0,0,5,1.8,0.6512,0.6732,1534.37,150.6142,57.07,0.098083,0.060918,6.3874e-05,37.9,76,20.0,0,NVIDIA GeForce RTX 4090,580.105.08,2715,3105,450.00,44,68
resnet18,ort-cuda,fp32,resnet18-ort-fp32-opt0-b1,1,0,0,6,1.8,0.6564,0.6906,1522.26,148.6332,57.07,0.097562,0.060101,6.4039e-05,38.4,76,20.0,0,NVIDIA GeForce RTX 4090,580.105.08,2715,3105,450.00,44,68
resnet18,ort-cuda,fp32,resnet18-ort-fp32-opt0-b1,1,0,0,7,1.8,0.6521,0.6789,1532.3,150.1915,57.07,0.097941,0.060725,6.3868e-05,38.0,75,20.0,0,NVIDIA GeForce RTX 4090,580.105.08,2715,3105,450.00,44,68
resnet18,ort-cuda,fp32,resnet18-ort-fp32-opt0-b1,1,0,0,8,1.8,0.6528,0.6785,1530.54,150.7682,57.07,0.098429,0.061171,6.4259e-05,37.9,76,20.0,0,NVIDIA GeForce RTX 4090,580.105.08,2715,3105,450.00,41,37
resnet18,ort-cuda,fp32,resnet18-ort-fp32-opt0-b16,16,0,0,1,1.8,2.3209,2.4365,430.77,218.5669,57.12,0.507269,0.3747,0.001177313,26.1,72,20.0,0,NVIDIA GeForce RTX 4090,580.105.08,2700,3105,450.00,45,95
resnet18,ort-cuda,fp32,resnet18-ort-fp32-opt0-b16,16,0,0,2,1.8,2.321,2.4379,430.74,222.8704,57.12,0.517276,0.384702,0.001200583,25.6,75,20.0,0,NVIDIA GeForce RTX 4090,580.105.08,2715,3105,450.00,44,0
resnet18,ort-cuda,fp32,resnet18-ort-fp32-opt0-b16,16,0,0,3,1.8,2.3204,2.4337,430.85,220.4339,57.12,0.511496,0.378955,0.00118688,25.9,74,20.0,0,NVIDIA GeForce RTX 4090,580.105.08,2715,3105,450.00,53,95
resnet18,ort-cuda,fp32,resnet18-ort-fp32-opt0-b16,16,0,0,4,1.8,2.3252,2.4438,429.97,220.6126,57.12,0.512969,0.380154,0.001192757,25.9,73,20.0,0,NVIDIA GeForce RTX 4090,580.105.08,2700,3105,450.00,47,95
resnet18,ort-cuda,fp32,resnet18-ort-fp32-opt0-b16,16,0,0,5,1.8,2.3248,2.4368,430.03,224.1691,57.12,0.521156,0.388361,0.001211599,25.5,74,20.0,0,NVIDIA GeForce RTX 4090,580.105.08,2700,3105,450.00,53,95
resnet18,ort-cuda,fp32,resnet18-ort-fp32-opt0-b16,16,0,0,6,1.8,2.3246,2.4407,430.07,220.948,57.12,0.513624,0.38084,0.001193988,25.9,74,20.0,0,NVIDIA GeForce RTX 4090,580.105.08,2700,3105,450.00,49,95
resnet18,ort-cuda,fp32,resnet18-ort-fp32-opt0-b16,16,0,0,7,1.8,2.3239,2.4387,430.21,224.3704,57.12,0.521415,0.388674,0.001211718,25.5,76,20.0,0,NVIDIA GeForce RTX 4090,580.105.08,2700,3105,450.00,53,95
resnet18,ort-cuda,fp32,resnet18-ort-fp32-opt0-b16,16,0,0,8,1.8,2.3243,2.4428,430.13,221.4082,57.12,0.514626,0.38186,0.001196162,25.8,76,20.0,0,NVIDIA GeForce RTX 4090,580.105.08,2700,3105,450.00,53,95
resnet18,ort-cuda,fp32,resnet18-ort-fp32-opt1-b1,1,1,0,1,1.8,0.6347,0.6608,1574.26,152.0019,57.8,0.096475,0.059789,6.1232e-05,38.0,75,20.0,0,NVIDIA GeForce RTX 4090,580.105.08,2715,3105,450.00,45,69
resnet18,ort-cuda,fp32,resnet18-ort-fp32-opt1-b1,1,1,0,2,1.8,0.6394,0.6738,1562.61,153.0272,57.8,0.097846,0.060889,6.2563e-05,37.8,75,20.0,0,NVIDIA GeForce RTX 4090,580.105.08,2715,3105,450.00,44,69
resnet18,ort-cuda,fp32,resnet18-ort-fp32-opt1-b1,1,1,0,3,1.8,0.6349,0.6611,1573.62,154.1849,57.8,0.097898,0.061199,6.2159e-05,37.5,78,20.0,0,NVIDIA GeForce RTX 4090,580.105.08,2715,3105,450.00,41,0
resnet18,ort-cuda,fp32,resnet18-ort-fp32-opt1-b1,1,1,0,4,1.8,0.6352,0.6651,1572.92,153.4189,57.8,0.097456,0.06074,6.1907e-05,37.7,76,20.0,0,NVIDIA GeForce RTX 4090,580.105.08,2715,3105,450.00,44,67
resnet18,ort-cuda,fp32,resnet18-ort-fp32-opt1-b1,1,1,0,5,1.8,0.641,0.6772,1558.76,152.7051,57.8,0.097885,0.060835,6.2745e-05,37.9,76,20.0,0,NVIDIA GeForce RTX 4090,580.105.08,2715,3105,450.00,44,68
resnet18,ort-cuda,fp32,resnet18-ort-fp32-opt1-b1,1,1,0,6,1.8,0.6789,0.7073,1471.77,146.941,57.8,0.099758,0.060518,6.7726e-05,39.3,77,20.0,0,NVIDIA GeForce RTX 4090,580.105.08,2715,3105,450.00,44,66
resnet18,ort-cuda,fp32,resnet18-ort-fp32-opt1-b1,1,1,0,7,1.8,0.6672,0.7146,1497.48,148.6289,57.8,0.099172,0.060605,6.6172e-05,38.9,74,20.0,0,NVIDIA GeForce RTX 4090,580.105.08,2715,3105,450.00,44,65
resnet18,ort-cuda,fp32,resnet18-ort-fp32-opt1-b1,1,1,0,8,1.8,0.6835,0.7161,1461.88,147.4312,57.8,0.10077,0.061264,6.8877e-05,39.2,75,20.0,0,NVIDIA GeForce RTX 4090,580.105.08,2715,3105,450.00,44,63
resnet18,ort-cuda,fp32,resnet18-ort-fp32-opt1-b16,16,1,0,1,1.8,2.3212,2.4367,430.71,217.1679,56.82,0.504085,0.372195,0.001170068,26.2,75,20.0,0,NVIDIA GeForce RTX 4090,580.105.08,2715,3105,450.00,43,0
resnet18,ort-cuda,fp32,resnet18-ort-fp32-opt1-b16,16,1,0,2,1.8,2.3207,2.4343,430.8,219.9301,56.82,0.510391,0.378529,0.001184463,25.8,77,20.0,0,NVIDIA GeForce RTX 4090,580.105.08,2715,3105,450.00,52,95
resnet18,ort-cuda,fp32,resnet18-ort-fp32-opt1-b16,16,1,0,3,1.8,2.3218,2.4396,430.6,220.943,56.82,0.512982,0.381058,0.001191034,25.7,77,20.0,0,NVIDIA GeForce RTX 4090,580.105.08,2715,3105,450.00,47,95
resnet18,ort-cuda,fp32,resnet18-ort-fp32-opt1-b16,16,1,0,4,1.8,2.3215,2.4345,430.66,224.939,56.82,0.522193,0.390286,0.001212265,25.3,78,20.0,0,NVIDIA GeForce RTX 4090,580.105.08,2715,3105,450.00,54,95
resnet18,ort-cuda,fp32,resnet18-ort-fp32-opt1-b16,16,1,0,5,1.8,2.3263,2.4458,429.76,224.7764,56.82,0.522906,0.390723,0.001216454,25.3,78,20.0,0,NVIDIA GeForce RTX 4090,580.105.08,2700,3105,450.00,54,44
resnet18,ort-cuda,fp32,resnet18-ort-fp32-opt1-b16,16,1,0,6,1.8,2.3285,2.4473,429.36,224.4099,56.82,0.522539,0.390233,0.001216733,25.3,77,20.0,0,NVIDIA GeForce RTX 4090,580.105.08,2700,3105,450.00,54,95
resnet18,ort-cuda,fp32,resnet18-ort-fp32-opt1-b16,16,1,0,7,1.8,2.3339,2.4589,428.36,224.3721,56.82,0.523663,0.391051,0.001222182,25.3,78,20.0,0,NVIDIA GeForce RTX 4090,580.105.08,2700,3105,450.00,54,95
resnet18,ort-cuda,fp32,resnet18-ort-fp32-opt1-b16,16,1,0,8,1.8,2.327,2.4396,429.63,223.7777,56.82,0.520739,0.388517,0.001211777,25.4,74,20.0,0,NVIDIA GeForce RTX 4090,580.105.08,2700,3105,450.00,54,95
resnet18,ort-cuda,fp32,resnet18-ort-fp32-opt2-b1,1,2,0,1,1.8,0.6368,0.6721,1569.21,154.1562,58.5667,0.098167,0.060872,6.2513e-05,38.0,76,20.0,0,NVIDIA GeForce RTX 4090,580.105.08,2715,3105,450.00,47,70
resnet18,ort-cuda,fp32,resnet18-ort-fp32-opt2-b1,1,2,0,2,1.8,0.6663,0.7003,1499.71,152.7999,58.5667,0.10181,0.062787,6.7835e-05,38.3,74,20.0,0,NVIDIA GeForce RTX 4090,580.105.08,2715,3105,450.00,46,66
resnet18,ort-cuda,fp32,resnet18-ort-fp32-opt2-b1,1,2,0,3,1.8,0.6454,0.6906,1548.33,154.8457,58.5667,0.099932,0.062135,6.4493e-05,37.8,76,20.0,0,NVIDIA GeForce RTX 4090,580.105.08,2715,3105,450.00,43,70
resnet18,ort-cuda,fp32,resnet18-ort-fp32-opt2-b1,1,2,0,4,1.8,0.6375,0.6655,1567.45,153.827,58.5667,0.098065,0.060729,6.2517e-05,38.1,74,20.0,0,NVIDIA GeForce RTX 4090,580.105.08,2715,3105,450.00,45,70
resnet18,ort-cuda,fp32,resnet18-ort-fp32-opt2-b1,1,2,0,5,1.8,0.6381,0.6666,1566.0,154.7532,58.5667,0.098747,0.061376,6.301e-05,37.8,74,20.0,0,NVIDIA GeForce RTX 4090,580.105.08,2715,3105,450.00,45,70
resnet18,ort-cuda,fp32,resnet18-ort-fp32-opt2-b1,1,2,0,6,1.8,0.6352,0.6615,1573.23,154.9662,58.5667,0.098428,0.061229,6.2517e-05,37.8,76,20.0,0,NVIDIA GeForce RTX 4090,580.105.08,2715,3105,450.00,41,0
resnet18,ort-cuda,fp32,resnet18-ort-fp32-opt2-b1,1,2,0,7,1.8,0.6578,0.6964,1519.21,150.4993,58.5667,0.098992,0.060469,6.5113e-05,38.9,74,20.0,0,NVIDIA GeForce RTX 4090,580.105.08,2715,3105,450.00,45,70
resnet18,ort-cuda,fp32,resnet18-ort-fp32-opt2-b1,1,2,0,8,1.8,0.6391,0.668,1563.5,154.9232,58.5667,0.099013,0.061583,6.3281e-05,37.8,76,20.0,0,NVIDIA GeForce RTX 4090,580.105.08,2715,3105,450.00,46,69
resnet18,ort-cuda,fp32,resnet18-ort-fp32-opt2-b16,16,2,0,1,1.8,2.3239,2.4293,430.2,219.2818,56.405,0.509598,0.378516,0.001184274,25.7,76,20.0,0,NVIDIA GeForce RTX 4090,580.105.08,2715,3105,450.00,46,44
resnet18,ort-cuda,fp32,resnet18-ort-fp32-opt2-b16,16,2,0,2,1.8,2.3245,2.4356,430.1,220.7513,56.405,0.513132,0.38202,0.001192767,25.6,75,20.0,0,NVIDIA GeForce RTX 4090,580.105.08,2715,3105,450.00,53,95
resnet18,ort-cuda,fp32,resnet18-ort-fp32-opt2-b16,16,2,0,3,1.8,2.3231,2.4318,430.36,224.0023,56.405,0.520377,0.389343,0.00120888,25.2,74,20.0,0,NVIDIA GeForce RTX 4090,580.105.08,2715,3105,450.00,48,0
resnet18,ort-cuda,fp32,resnet18-ort-fp32-opt2-b16,16,2,0,4,1.8,2.3275,2.4413,429.53,222.8545,56.405,0.518701,0.387417,0.001207293,25.3,75,20.0,0,NVIDIA GeForce RTX 4090,580.105.08,2700,3105,450.00,54,95
resnet18,ort-cuda,fp32,resnet18-ort-fp32-opt2-b16,16,2,0,5,1.8,2.3295,2.4466,429.17,224.3196,56.405,0.522554,0.391158,0.001217292,25.1,74,20.0,0,NVIDIA GeForce RTX 4090,580.105.08,2700,3105,450.00,54,95
resnet18,ort-cuda,fp32,resnet18-ort-fp32-opt2-b16,16,2,0,6,1.8,2.3277,2.439,429.51,225.3147,56.405,0.524457,0.393165,0.001220758,25.0,74,20.0,0,NVIDIA GeForce RTX 4090,580.105.08,2700,3105,450.00,54,95
resnet18,ort-cuda,fp32,resnet18-ort-fp32-opt2-b16,16,2,0,7,1.8,2.3265,2.4303,429.72,224.9069,56.405,0.523244,0.392019,0.001217325,25.1,75,20.0,0,NVIDIA GeForce RTX 4090,580.105.08,2700,3105,450.00,55,95
resnet18,ort-cuda,fp32,resnet18-ort-fp32-opt2-b16,16,2,0,8,1.8,2.3291,2.4366,429.24,220.7845,56.405,0.514234,0.38286,0.001197712,25.5,74,20.0,0,NVIDIA GeForce RTX 4090,580.105.08,2700,3105,450.00,49,59
resnet18,ort-cuda,fp32,resnet18-ort-fp32-opt99-b1,1,99,0,1,1.8,0.6287,0.6552,1589.08,152.6416,58.42,0.095972,0.059241,6.0342e-05,38.3,77,20.0,0,NVIDIA GeForce RTX 4090,580.105.08,2715,3105,450.00,47,70
resnet18,ort-cuda,fp32,resnet18-ort-fp32-opt99-b1,1,99,0,2,1.8,0.6296,0.6615,1586.76,154.5101,58.42,0.097287,0.060503,6.1257e-05,37.8,76,20.0,0,NVIDIA GeForce RTX 4090,580.105.08,2715,3105,450.00,46,70
resnet18,ort-cuda,fp32,resnet18-ort-fp32-opt99-b1,1,99,0,3,1.8,0.6307,0.6615,1584.2,154.8312,58.42,0.097649,0.060805,6.1585e-05,37.7,74,20.0,0,NVIDIA GeForce RTX 4090,580.105.08,2715,3105,450.00,46,70
resnet18,ort-cuda,fp32,resnet18-ort-fp32-opt99-b1,1,99,0,4,1.8,0.6272,0.6495,1592.9,154.3775,58.42,0.09683,0.060187,6.0735e-05,37.8,76,20.0,0,NVIDIA GeForce RTX 4090,580.105.08,2715,3105,450.00,44,67
resnet18,ort-cuda,fp32,resnet18-ort-fp32-opt99-b1,1,99,0,5,1.8,0.6262,0.6488,1595.48,154.2736,58.42,0.096609,0.060025,6.0498e-05,37.9,76,20.0,0,NVIDIA GeForce RTX 4090,580.105.08,2715,3105,450.00,43,71
resnet18,ort-cuda,fp32,resnet18-ort-fp32-opt99-b1,1,99,0,6,1.8,0.6282,0.6568,1590.35,153.5147,58.42,0.096444,0.059742,6.059e-05,38.1,75,20.0,0,NVIDIA GeForce RTX 4090,580.105.08,2715,3105,450.00,46,70
resnet18,ort-cuda,fp32,resnet18-ort-fp32-opt99-b1,1,99,0,7,1.8,0.6328,0.6685,1579.01,153.9263,58.42,0.097397,0.060432,6.1628e-05,38.0,70,20.0,0,NVIDIA GeForce RTX 4090,580.105.08,2715,3105,450.00,45,69
resnet18,ort-cuda,fp32,resnet18-ort-fp32-opt99-b1,1,99,0,8,1.8,0.6289,0.6523,1588.71,154.2831,58.42,0.097027,0.060287,6.1019e-05,37.9,75,20.0,0,NVIDIA GeForce RTX 4090,580.105.08,2715,3105,450.00,46,70
resnet18,ort-cuda,fp32,resnet18-ort-fp32-opt99-b16,16,99,0,1,1.8,2.3427,2.4562,426.75,217.6084,56.6567,0.509798,0.377067,0.00119432,26.0,74,20.0,0,NVIDIA GeForce RTX 4090,580.105.08,2700,3105,450.00,51,95
resnet18,ort-cuda,fp32,resnet18-ort-fp32-opt99-b16,16,99,0,2,1.8,2.3442,2.4601,426.47,221.7304,56.6567,0.519791,0.386974,0.001218518,25.6,74,20.0,0,NVIDIA GeForce RTX 4090,580.105.08,2700,3105,450.00,53,95
resnet18,ort-cuda,fp32,resnet18-ort-fp32-opt99-b16,16,99,0,3,1.8,2.3438,2.459,426.56,224.1761,56.6567,0.525419,0.392629,0.001231467,25.3,76,20.0,0,NVIDIA GeForce RTX 4090,580.105.08,2700,3105,450.00,54,39
resnet18,ort-cuda,fp32,resnet18-ort-fp32-opt99-b16,16,99,0,4,1.8,2.3445,2.4628,426.43,222.0997,56.6567,0.520712,0.387881,0.001220808,25.5,74,20.0,0,NVIDIA GeForce RTX 4090,580.105.08,2700,3105,450.00,55,95
resnet18,ort-cuda,fp32,resnet18-ort-fp32-opt99-b16,16,99,0,5,1.8,2.3438,2.4613,426.55,224.3865,56.6567,0.525913,0.393122,0.001232624,25.2,74,20.0,0,NVIDIA GeForce RTX 4090,580.105.08,2700,3105,450.00,49,30
resnet18,ort-cuda,fp32,resnet18-ort-fp32-opt99-b16,16,99,0,6,1.8,2.344,2.4594,426.52,225.1714,56.6567,0.527799,0.394997,0.001237154,25.2,76,20.0,0,NVIDIA GeForce RTX 4090,580.105.08,2700,3105,450.00,48,95
resnet18,ort-cuda,fp32,resnet18-ort-fp32-opt99-b16,16,99,0,7,1.8,2.3426,2.4532,426.78,224.0423,56.6567,0.524834,0.392112,0.001229457,25.3,74,20.0,0,NVIDIA GeForce RTX 4090,580.105.08,2700,3105,450.00,48,0
resnet18,ort-cuda,fp32,resnet18-ort-fp32-opt99-b16,16,99,0,8,1.8,2.3438,2.454,426.56,224.6603,56.6567,0.526548,0.393759,0.001234097,25.2,74,20.0,0,NVIDIA GeForce RTX 4090,580.105.08,2700,3105,450.00,55,95
mobilenetv3_large,ort-cuda,fp32,mobilenetv3_large-ort-fp32-opt0-b1,1,0,0,1,0.44,1.405,1.5335,711.46,94.8066,59.3167,0.133205,0.049864,0.000187156,62.6,74,20.0,0,NVIDIA GeForce RTX 4090,580.105.08,2715,3105,450.00,39,43
mobilenetv3_large,ort-cuda,fp32,mobilenetv3_large-ort-fp32-opt0-b1,1,0,0,2,0.44,1.4028,1.535,712.56,94.8432,59.3167,0.133047,0.049837,0.000186638,62.5,76,20.0,0,NVIDIA GeForce RTX 4090,580.105.08,2715,3105,450.00,37,0
mobilenetv3_large,ort-cuda,fp32,mobilenetv3_large-ort-fp32-opt0-b1,1,0,0,3,0.44,1.4042,1.5345,711.88,93.7972,59.3167,0.131708,0.048417,0.000184941,63.2,76,20.0,0,NVIDIA GeForce RTX 4090,580.105.08,2715,3105,450.00,38,43
mobilenetv3_large,ort-cuda,fp32,mobilenetv3_large-ort-fp32-opt0-b1,1,0,0,4,0.44,1.4058,1.5362,711.02,93.6356,59.3167,0.131637,0.048247,0.000185062,63.3,73,20.0,0,NVIDIA GeForce RTX 4090,580.105.08,2715,3105,450.00,38,42
mobilenetv3_large,ort-cuda,fp32,mobilenetv3_large-ort-fp32-opt0-b1,1,0,0,5,0.44,1.4125,1.5437,707.67,93.599,59.3167,0.132212,0.048425,0.000186755,63.4,79,20.0,0,NVIDIA GeForce RTX 4090,580.105.08,2715,3105,450.00,36,0
mobilenetv3_large,ort-cuda,fp32,mobilenetv3_large-ort-fp32-opt0-b1,1,0,0,6,0.44,1.404,1.5271,711.96,94.1114,59.3167,0.132132,0.048852,0.000185514,63.0,78,20.0,0,NVIDIA GeForce RTX 4090,580.105.08,2715,3105,450.00,38,43
mobilenetv3_large,ort-cuda,fp32,mobilenetv3_large-ort-fp32-opt0-b1,1,0,0,7,0.44,1.4207,1.5434,703.63,94.1386,59.3167,0.133738,0.04947,0.000189995,63.0,76,20.0,0,NVIDIA GeForce RTX 4090,580.105.08,2715,3105,450.00,38,42
mobilenetv3_large,ort-cuda,fp32,mobilenetv3_large-ort-fp32-opt0-b1,1,0,0,8,0.44,1.4027,1.5291,712.65,94.4492,59.3167,0.13248,0.049279,0.000185824,62.8,79,20.0,0,NVIDIA GeForce RTX 4090,580.105.08,2715,3105,450.00,37,0
mobilenetv3_large,ort-cuda,fp32,mobilenetv3_large-ort-fp32-opt0-b16,16,0,0,1,0.44,2.1743,2.2953,459.8,212.7167,57.1083,0.462517,0.338344,0.001005664,26.8,76,20.0,0,NVIDIA GeForce RTX 4090,580.105.08,2715,3105,450.00,44,94
mobilenetv3_large,ort-cuda,fp32,mobilenetv3_large-ort-fp32-opt0-b16,16,0,0,2,0.44,2.1775,2.2985,459.13,215.1704,57.1083,0.468527,0.344176,0.001020205,26.5,75,20.0,0,NVIDIA GeForce RTX 4090,580.105.08,2700,3105,450.00,47,56
mobilenetv3_large,ort-cuda,fp32,mobilenetv3_large-ort-fp32-opt0-b16,16,0,0,3,0.44,2.1794,2.3019,458.72,218.3017,57.1083,0.475775,0.351311,0.001036922,26.2,76,20.0,0,NVIDIA GeForce RTX 4090,580.105.08,2700,3105,450.00,53,94
mobilenetv3_large,ort-cuda,fp32,mobilenetv3_large-ort-fp32-opt0-b16,16,0,0,4,0.44,2.1801,2.3023,458.57,218.5626,57.1083,0.476498,0.351993,0.001038832,26.1,76,20.0,0,NVIDIA GeForce RTX 4090,580.105.08,2700,3105,450.00,54,94
mobilenetv3_large,ort-cuda,fp32,mobilenetv3_large-ort-fp32-opt0-b16,16,0,0,5,0.44,2.179,2.3002,458.82,219.6428,57.1083,0.478599,0.354161,0.001042861,26.0,74,20.0,0,NVIDIA GeForce RTX 4090,580.105.08,2700,3105,450.00,48,0
mobilenetv3_large,ort-cuda,fp32,mobilenetv3_large-ort-fp32-opt0-b16,16,0,0,6,0.44,2.1799,2.3048,458.62,218.9841,57.1083,0.477365,0.352874,0.00104061,26.1,74,20.0,0,NVIDIA GeForce RTX 4090,580.105.08,2700,3105,450.00,55,94
mobilenetv3_large,ort-cuda,fp32,mobilenetv3_large-ort-fp32-opt0-b16,16,0,0,7,0.44,2.179,2.302,458.8,217.2371,57.1083,0.47337,0.348928,0.001031494,26.3,75,20.0,0,NVIDIA GeForce RTX 4090,580.105.08,2700,3105,450.00,55,94
mobilenetv3_large,ort-cuda,fp32,mobilenetv3_large-ort-fp32-opt0-b16,16,0,0,8,0.44,2.1774,2.2977,459.16,219.3766,57.1083,0.477664,0.353318,0.001040052,26.0,74,20.0,0,NVIDIA GeForce RTX 4090,580.105.08,2700,3105,450.00,55,94
mobilenetv3_large,ort-cuda,fp32,mobilenetv3_large-ort-fp32-opt1-b1,1,1,0,1,0.44,1.3567,1.4825,736.82,95.794,58.8667,0.129964,0.0501,0.000176323,61.5,75,20.0,0,NVIDIA GeForce RTX 4090,580.105.08,2715,3105,450.00,41,44
mobilenetv3_large,ort-cuda,fp32,mobilenetv3_large-ort-fp32-opt1-b1,1,1,0,2,0.44,1.3508,1.4812,740.02,96.1156,58.8667,0.129832,0.050316,0.000175377,61.2,77,20.0,0,NVIDIA GeForce RTX 4090,580.105.08,2715,3105,450.00,40,45
mobilenetv3_large,ort-cuda,fp32,mobilenetv3_large-ort-fp32-opt1-b1,1,1,0,3,0.44,1.3527,1.4784,738.99,94.8615,58.8667,0.128318,0.04869,0.000173575,62.1,75,20.0,0,NVIDIA GeForce RTX 4090,580.105.08,2715,3105,450.00,39,45
mobilenetv3_large,ort-cuda,fp32,mobilenetv3_large-ort-fp32-opt1-b1,1,1,0,4,0.44,1.4054,1.4995,711.29,94.4787,58.8667,0.132778,0.050048,0.000186602,62.3,76,20.0,0,NVIDIA GeForce RTX 4090,580.105.08,2715,3105,450.00,38,44
mobilenetv3_large,ort-cuda,fp32,mobilenetv3_large-ort-fp32-opt1-b1,1,1,0,5,0.44,1.4094,1.4971,709.25,94.0827,58.8667,0.132602,0.049634,0.000186893,62.6,75,20.0,0,NVIDIA GeForce RTX 4090,580.105.08,2715,3105,450.00,38,45
mobilenetv3_large,ort-cuda,fp32,mobilenetv3_large-ort-fp32-opt1-b1,1,1,0,6,0.44,1.4139,1.511,706.98,93.6311,58.8667,0.132389,0.049155,0.00018719,62.9,75,20.0,0,NVIDIA GeForce RTX 4090,580.105.08,2730,3105,450.00,38,42
mobilenetv3_large,ort-cuda,fp32,mobilenetv3_large-ort-fp32-opt1-b1,1,1,0,7,0.44,1.3636,1.4865,733.05,94.6025,58.8667,0.129005,0.048731,0.000175917,62.2,75,20.0,0,NVIDIA GeForce RTX 4090,580.105.08,2730,3105,450.00,38,44
mobilenetv3_large,ort-cuda,fp32,mobilenetv3_large-ort-fp32-opt1-b1,1,1,0,8,0.44,1.3534,1.4832,738.6,94.3952,58.8667,0.127755,0.048085,0.000172905,62.4,79,20.0,0,NVIDIA GeForce RTX 4090,580.105.08,2730,3105,450.00,38,44
mobilenetv3_large,ort-cuda,fp32,mobilenetv3_large-ort-fp32-opt1-b16,16,1,0,1,0.44,2.1691,2.2914,460.91,212.4562,56.1967,0.460836,0.33894,0.000999592,26.5,76,20.0,0,NVIDIA GeForce RTX 4090,580.105.08,2715,3105,450.00,51,94
mobilenetv3_large,ort-cuda,fp32,mobilenetv3_large-ort-fp32-opt1-b16,16,1,0,2,0.44,2.1694,2.2921,460.83,216.7882,56.1967,0.470306,0.348391,0.001020293,25.9,73,20.0,0,NVIDIA GeForce RTX 4090,580.105.08,2700,3105,450.00,49,85
mobilenetv3_large,ort-cuda,fp32,mobilenetv3_large-ort-fp32-opt1-b16,16,1,0,3,0.44,2.1718,2.2918,460.34,217.0603,56.1967,0.471404,0.349358,0.001023777,25.9,74,20.0,0,NVIDIA GeForce RTX 4090,580.105.08,2700,3105,450.00,49,94
mobilenetv3_large,ort-cuda,fp32,mobilenetv3_large-ort-fp32-opt1-b16,16,1,0,4,0.44,2.1718,2.2921,460.34,217.5688,56.1967,0.472511,0.350465,0.00102619,25.8,75,20.0,0,NVIDIA GeForce RTX 4090,580.105.08,2700,3105,450.00,55,95
mobilenetv3_large,ort-cuda,fp32,mobilenetv3_large-ort-fp32-opt1-b16,16,1,0,5,0.44,2.1719,2.2913,460.31,218.1938,56.1967,0.473892,0.351839,0.00102924,25.8,74,20.0,0,NVIDIA GeForce RTX 4090,580.105.08,2700,3105,450.00,55,94
mobilenetv3_large,ort-cuda,fp32,mobilenetv3_large-ort-fp32-opt1-b16,16,1,0,6,0.44,2.1717,2.2927,460.36,218.5828,56.1967,0.474694,0.352652,0.001030887,25.7,74,20.0,0,NVIDIA GeForce RTX 4090,580.105.08,2700,3105,450.00,55,94
mobilenetv3_large,ort-cuda,fp32,mobilenetv3_large-ort-fp32-opt1-b16,16,1,0,7,0.44,2.1706,2.2913,460.59,218.7691,56.1967,0.474863,0.352882,0.001030745,25.7,75,20.0,0,NVIDIA GeForce RTX 4090,580.105.08,2700,3105,450.00,55,94
mobilenetv3_large,ort-cuda,fp32,mobilenetv3_large-ort-fp32-opt1-b16,16,1,0,8,0.44,2.1729,2.2959,460.1,219.2952,56.1967,0.476506,0.354397,0.001035401,25.6,69,20.0,0,NVIDIA GeForce RTX 4090,580.105.08,2700,3105,450.00,55,65
mobilenetv3_large,ort-cuda,fp32,mobilenetv3_large-ort-fp32-opt2-b1,1,2,0,1,0.44,1.3939,1.5026,717.15,94.8859,58.505,0.132264,0.050712,0.000184365,61.7,71,20.0,0,NVIDIA GeForce RTX 4090,580.105.08,2715,3105,450.00,40,19
mobilenetv3_large,ort-cuda,fp32,mobilenetv3_large-ort-fp32-opt2-b1,1,2,0,2,0.44,1.3929,1.5026,717.66,94.8993,58.505,0.132185,0.050693,0.000184119,61.6,75,20.0,0,NVIDIA GeForce RTX 4090,580.105.08,2715,3105,450.00,38,44
mobilenetv3_large,ort-cuda,fp32,mobilenetv3_large-ort-fp32-opt2-b1,1,2,0,3,0.44,1.3704,1.4973,729.48,94.9739,58.505,0.130148,0.049975,0.000178348,61.6,74,20.0,0,NVIDIA GeForce RTX 4090,580.105.08,2715,3105,450.00,38,44
mobilenetv3_large,ort-cuda,fp32,mobilenetv3_large-ort-fp32-opt2-b1,1,2,0,4,0.44,1.4087,1.5066,709.6,94.5112,58.505,0.133138,0.050722,0.000187552,61.9,76,20.0,0,NVIDIA GeForce RTX 4090,580.105.08,2730,3105,450.00,37,41
mobilenetv3_large,ort-cuda,fp32,mobilenetv3_large-ort-fp32-opt2-b1,1,2,0,5,0.44,1.4072,1.5111,710.37,94.4186,58.505,0.132867,0.050538,0.000186972,62.0,76,20.0,0,NVIDIA GeForce RTX 4090,580.105.08,2730,3105,450.00,37,44
mobilenetv3_large,ort-cuda,fp32,mobilenetv3_large-ort-fp32-opt2-b1,1,2,0,6,0.44,1.376,1.4993,726.47,94.3747,58.505,0.129863,0.049358,0.000178697,62.0,76,20.0,0,NVIDIA GeForce RTX 4090,580.105.08,2730,3105,450.00,35,15
mobilenetv3_large,ort-cuda,fp32,mobilenetv3_large-ort-fp32-opt2-b1,1,2,0,7,0.44,1.3998,1.5042,714.16,94.8089,58.505,0.132709,0.050817,0.00018576,61.7,74,20.0,0,NVIDIA GeForce RTX 4090,580.105.08,2730,3105,450.00,37,44
mobilenetv3_large,ort-cuda,fp32,mobilenetv3_large-ort-fp32-opt2-b1,1,2,0,8,0.44,1.4258,1.5224,701.11,94.6117,58.505,0.134894,0.05148,0.000192327,61.8,75,20.0,0,NVIDIA GeForce RTX 4090,580.105.08,2730,3105,450.00,36,44
mobilenetv3_large,ort-cuda,fp32,mobilenetv3_large-ort-fp32-opt2-b16,16,2,0,1,0.44,2.1748,2.2913,459.69,212.1812,57.0383,0.461452,0.337405,0.001003565,26.9,75,20.0,0,NVIDIA GeForce RTX 4090,580.105.08,2715,3105,450.00,49,94
mobilenetv3_large,ort-cuda,fp32,mobilenetv3_large-ort-fp32-opt2-b16,16,2,0,2,0.44,2.1766,2.2969,459.29,214.8637,57.0383,0.467679,0.343528,0.001017965,26.5,75,20.0,0,NVIDIA GeForce RTX 4090,580.105.08,2715,3105,450.00,51,94
mobilenetv3_large,ort-cuda,fp32,mobilenetv3_large-ort-fp32-opt2-b16,16,2,0,3,0.44,2.1787,2.3027,458.86,215.6122,57.0383,0.469759,0.345488,0.001023474,26.5,74,20.0,0,NVIDIA GeForce RTX 4090,580.105.08,2700,3105,450.00,52,95
mobilenetv3_large,ort-cuda,fp32,mobilenetv3_large-ort-fp32-opt2-b16,16,2,0,4,0.44,2.1795,2.3013,458.7,217.5861,57.0383,0.474224,0.34991,0.001033562,26.2,72,20.0,0,NVIDIA GeForce RTX 4090,580.105.08,2700,3105,450.00,48,0
mobilenetv3_large,ort-cuda,fp32,mobilenetv3_large-ort-fp32-opt2-b16,16,2,0,5,0.44,2.1792,2.2949,458.75,217.8517,57.0383,0.474748,0.350448,0.001034581,26.2,72,20.0,0,NVIDIA GeForce RTX 4090,580.105.08,2700,3105,450.00,53,94
mobilenetv3_large,ort-cuda,fp32,mobilenetv3_large-ort-fp32-opt2-b16,16,2,0,6,0.44,2.1812,2.3037,458.34,218.3085,57.0383,0.476168,0.351758,0.001038604,26.1,73,20.0,0,NVIDIA GeForce RTX 4090,580.105.08,2700,3105,450.00,53,95
mobilenetv3_large,ort-cuda,fp32,mobilenetv3_large-ort-fp32-opt2-b16,16,2,0,7,0.44,2.1805,2.3042,458.48,216.484,57.0383,0.472053,0.347678,0.001029333,26.3,72,20.0,0,NVIDIA GeForce RTX 4090,580.105.08,2700,3105,450.00,53,94
mobilenetv3_large,ort-cuda,fp32,mobilenetv3_large-ort-fp32-opt2-b16,16,2,0,8,0.44,2.1808,2.3038,458.42,219.1612,57.0383,0.477941,0.353553,0.001042281,26.0,72,20.0,0,NVIDIA GeForce RTX 4090,580.105.08,2700,3105,450.00,54,94
mobilenetv3_large,ort-cuda,fp32,mobilenetv3_large-ort-fp32-opt99-b1,1,99,0,1,0.44,1.3715,1.4981,728.86,95.4258,58.4967,0.130872,0.050647,0.000179486,61.3,76,20.0,0,NVIDIA GeForce RTX 4090,580.105.08,2715,3105,450.00,40,44
mobilenetv3_large,ort-cuda,fp32,mobilenetv3_large-ort-fp32-opt99-b1,1,99,0,2,0.44,1.382,1.507,723.27,95.3067,58.4967,0.131716,0.050872,0.000182034,61.4,78,20.0,0,NVIDIA GeForce RTX 4090,580.105.08,2715,3105,450.00,38,44
mobilenetv3_large,ort-cuda,fp32,mobilenetv3_large-ort-fp32-opt99-b1,1,99,0,3,0.44,1.3821,1.5069,723.26,94.8417,58.4967,0.131077,0.050231,0.000181156,61.7,76,20.0,0,NVIDIA GeForce RTX 4090,580.105.08,2715,3105,450.00,37,43
mobilenetv3_large,ort-cuda,fp32,mobilenetv3_large-ort-fp32-opt99-b1,1,99,0,4,0.44,1.3707,1.4995,729.26,94.4732,58.4967,0.129494,0.049313,0.000177496,61.9,78,20.0,0,NVIDIA GeForce RTX 4090,580.105.08,2715,3105,450.00,35,0
mobilenetv3_large,ort-cuda,fp32,mobilenetv3_large-ort-fp32-opt99-b1,1,99,0,5,0.44,1.37,1.4968,729.63,94.4161,58.4967,0.129351,0.04921,0.000177211,62.0,75,20.0,0,NVIDIA GeForce RTX 4090,580.105.08,2715,3105,450.00,36,44
mobilenetv3_large,ort-cuda,fp32,mobilenetv3_large-ort-fp32-opt99-b1,1,99,0,6,0.44,1.3745,1.5037,727.26,93.4667,58.4967,0.128467,0.048065,0.000176573,62.6,75,20.0,0,NVIDIA GeForce RTX 4090,580.105.08,2730,3105,450.00,35,36
mobilenetv3_large,ort-cuda,fp32,mobilenetv3_large-ort-fp32-opt99-b1,1,99,0,7,0.44,1.3792,1.5016,724.78,93.9387,58.4967,0.129557,0.048881,0.000178682,62.3,76,20.0,0,NVIDIA GeForce RTX 4090,580.105.08,2730,3105,450.00,35,43
mobilenetv3_large,ort-cuda,fp32,mobilenetv3_large-ort-fp32-opt99-b1,1,99,0,8,0.44,1.37,1.5003,729.65,93.7137,58.4967,0.128385,0.048246,0.000175885,62.4,78,20.0,0,NVIDIA GeForce RTX 4090,580.105.08,2730,3105,450.00,34,30
mobilenetv3_large,ort-cuda,fp32,mobilenetv3_large-ort-fp32-opt99-b16,16,99,0,1,0.44,2.1758,2.298,459.49,210.6488,56.635,0.458322,0.335098,0.0009972,26.9,73,20.0,0,NVIDIA GeForce RTX 4090,580.105.08,2715,3105,450.00,47,95
mobilenetv3_large,ort-cuda,fp32,mobilenetv3_large-ort-fp32-opt99-b16,16,99,0,2,0.44,2.1759,2.2961,459.44,215.5016,56.635,0.46892,0.345686,0.001020346,26.3,73,20.0,0,NVIDIA GeForce RTX 4090,580.105.08,2715,3105,450.00,50,94
mobilenetv3_large,ort-cuda,fp32,mobilenetv3_large-ort-fp32-opt99-b16,16,99,0,3,0.44,2.1769,2.2998,459.25,212.4874,56.635,0.462558,0.339271,0.001006932,26.7,76,20.0,0,NVIDIA GeForce RTX 4090,580.105.08,2715,3105,450.00,51,95
mobilenetv3_large,ort-cuda,fp32,mobilenetv3_large-ort-fp32-opt99-b16,16,99,0,4,0.44,2.1795,2.3048,458.7,216.3465,56.635,0.471524,0.348089,0.001027678,26.2,75,20.0,0,NVIDIA GeForce RTX 4090,580.105.08,2700,3105,450.00,51,95
mobilenetv3_large,ort-cuda,fp32,mobilenetv3_large-ort-fp32-opt99-b16,16,99,0,5,0.44,2.1811,2.3035,458.36,215.3579,56.635,0.469709,0.346184,0.001024463,26.3,75,20.0,0,NVIDIA GeForce RTX 4090,580.105.08,2700,3105,450.00,50,21
mobilenetv3_large,ort-cuda,fp32,mobilenetv3_large-ort-fp32-opt99-b16,16,99,0,6,0.44,2.1811,2.3043,458.37,217.0807,56.635,0.473468,0.349943,0.001032669,26.1,76,20.0,0,NVIDIA GeForce RTX 4090,580.105.08,2700,3105,450.00,46,95
mobilenetv3_large,ort-cuda,fp32,mobilenetv3_large-ort-fp32-opt99-b16,16,99,0,7,0.44,2.1798,2.3012,458.64,216.7861,56.635,0.472544,0.349093,0.001030037,26.1,75,20.0,0,NVIDIA GeForce RTX 4090,580.105.08,2700,3105,450.00,53,95
mobilenetv3_large,ort-cuda,fp32,mobilenetv3_large-ort-fp32-opt99-b16,16,99,0,8,0.44,2.1804,2.3033,458.5,216.3744,56.635,0.471785,0.348297,0.001028685,26.2,75,20.0,0,NVIDIA GeForce RTX 4090,580.105.08,2700,3105,450.00,52,94
resnet18,torch-eager,fp32,resnet18-torch-eager-fp32-b1,1,,,1,1.8,1.9698,2.1046,507.54,85.7791,57.6667,0.168966,0.055375,0.000332826,67.2,75,20.0,0,NVIDIA GeForce RTX 4090,580.105.08,2520,3105,450.00,35,22
resnet18,torch-eager,fp32,resnet18-torch-eager-fp32-b1,1,,,2,1.8,1.9973,2.1529,500.53,85.5449,57.6667,0.17086,0.055682,0.000341262,67.4,75,20.0,0,NVIDIA GeForce RTX 4090,580.105.08,2520,3105,450.00,34,16
resnet18,torch-eager,fp32,resnet18-torch-eager-fp32-b1,1,,,3,1.8,1.9452,2.0725,513.94,85.9878,57.6667,0.167267,0.055091,0.000325373,67.1,79,20.0,0,NVIDIA GeForce RTX 4090,580.105.08,2520,3105,450.00,35,23
resnet18,torch-eager,fp32,resnet18-torch-eager-fp32-b1,1,,,4,1.8,1.9441,2.0712,514.24,86.486,57.6667,0.168136,0.056027,0.000326872,66.7,75,20.0,0,NVIDIA GeForce RTX 4090,580.105.08,2520,3105,450.00,35,23
resnet18,torch-eager,fp32,resnet18-torch-eager-fp32-b1,1,,,5,1.8,1.947,2.075,513.46,86.7712,57.6667,0.168947,0.056668,0.000328947,66.5,76,20.0,0,NVIDIA GeForce RTX 4090,580.105.08,2520,3105,450.00,33,23
resnet18,torch-eager,fp32,resnet18-torch-eager-fp32-b1,1,,,6,1.8,2.0373,2.1957,490.72,85.4005,57.6667,0.173987,0.056502,0.000354463,67.5,76,20.0,0,NVIDIA GeForce RTX 4090,580.105.08,2520,3105,450.00,33,0
resnet18,torch-eager,fp32,resnet18-torch-eager-fp32-b1,1,,,7,1.8,1.9461,2.0732,513.72,85.9851,57.6667,0.167332,0.055109,0.000325639,67.1,75,20.0,0,NVIDIA GeForce RTX 4090,580.105.08,2520,3105,450.00,34,17
resnet18,torch-eager,fp32,resnet18-torch-eager-fp32-b1,1,,,8,1.8,1.9521,2.0779,512.12,85.8992,57.6667,0.167687,0.055114,0.000327347,67.1,75,20.0,0,NVIDIA GeForce RTX 4090,580.105.08,2520,3105,450.00,34,23
resnet18,torch-eager,fp32,resnet18-torch-eager-fp32-b16,16,,,1,1.8,2.0179,2.1528,495.45,236.3603,57.0333,0.47694,0.361855,0.000962393,24.1,75,20.0,0,NVIDIA GeForce RTX 4090,580.105.08,2715,3105,450.00,48,78
resnet18,torch-eager,fp32,resnet18-torch-eager-fp32-b16,16,,,2,1.8,1.971,2.0993,507.21,242.5941,57.0333,0.47816,0.365746,0.000942469,23.5,75,20.0,0,NVIDIA GeForce RTX 4090,580.105.08,2700,3105,450.00,52,88
resnet18,torch-eager,fp32,resnet18-torch-eager-fp32-b16,16,,,3,1.8,2.0146,2.1681,496.25,246.6721,57.0333,0.496942,0.382044,0.001001132,23.1,76,20.0,0,NVIDIA GeForce RTX 4090,580.105.08,2700,3105,450.00,53,87
resnet18,torch-eager,fp32,resnet18-torch-eager-fp32-b16,16,,,4,1.8,2.0231,2.1588,494.16,245.578,57.0333,0.496827,0.381443,0.001005126,23.2,76,20.0,0,NVIDIA GeForce RTX 4090,580.105.08,2700,3105,450.00,55,92
resnet18,torch-eager,fp32,resnet18-torch-eager-fp32-b16,16,,,5,1.8,2.008,2.1286,497.86,249.0937,57.0333,0.500188,0.385664,0.001004395,22.9,76,20.0,0,NVIDIA GeForce RTX 4090,580.105.08,2700,3105,450.00,48,22
resnet18,torch-eager,fp32,resnet18-torch-eager-fp32-b16,16,,,6,1.8,2.0285,2.1992,492.85,244.6221,57.0333,0.496205,0.380515,0.001006528,23.3,76,20.0,0,NVIDIA GeForce RTX 4090,580.105.08,2700,3105,450.00,55,91
resnet18,torch-eager,fp32,resnet18-torch-eager-fp32-b16,16,,,7,1.8,1.9717,2.1045,507.04,251.3187,57.0333,0.495526,0.383073,0.000977032,22.7,77,20.0,0,NVIDIA GeForce RTX 4090,580.105.08,2700,3105,450.00,51,80
resnet18,torch-eager,fp32,resnet18-torch-eager-fp32-b16,16,,,8,1.8,1.9743,2.1017,506.36,252.5042,57.0333,0.498522,0.385921,0.000984239,22.6,74,20.0,0,NVIDIA GeForce RTX 4090,580.105.08,2700,3105,450.00,56,92
resnet18,torch-eager,fp16,resnet18-torch-eager-fp16-b1,1,,,1,1.8,2.3683,2.5036,422.15,77.7809,57.7833,0.184209,0.047361,0.000436265,74.3,75,20.0,0,NVIDIA GeForce RTX 4090,580.105.08,2520,3105,450.00,35,22
resnet18,torch-eager,fp16,resnet18-torch-eager-fp16-b1,1,,,2,1.8,2.4506,2.6321,407.97,76.9401,57.7833,0.188546,0.046945,0.000462041,75.1,76,20.0,0,NVIDIA GeForce RTX 4090,580.105.08,2520,3105,450.00,34,21
resnet18,torch-eager,fp16,resnet18-torch-eager-fp16-b1,1,,,3,1.8,2.4082,2.5921,415.15,77.0821,57.7833,0.185631,0.046476,0.000447041,75.0,70,20.0,0,NVIDIA GeForce RTX 4090,580.105.08,2520,3105,450.00,32,6
resnet18,torch-eager,fp16,resnet18-torch-eager-fp16-b1,1,,,4,1.8,2.4072,2.5775,415.33,76.728,57.7833,0.184697,0.045603,0.000444596,75.3,74,20.0,0,NVIDIA GeForce RTX 4090,580.105.08,2520,3105,450.00,33,21
resnet18,torch-eager,fp16,resnet18-torch-eager-fp16-b1,1,,,5,1.8,2.4445,2.6139,408.99,76.736,57.7833,0.187581,0.04633,0.000458541,75.3,72,20.0,0,NVIDIA GeForce RTX 4090,580.105.08,2520,3105,450.00,32,21
resnet18,torch-eager,fp16,resnet18-torch-eager-fp16-b1,1,,,6,1.8,2.4481,2.62,408.39,77.2586,57.7833,0.189135,0.047677,0.000463019,74.8,63,20.0,0,NVIDIA GeForce RTX 4090,580.105.08,2520,3105,450.00,32,20
resnet18,torch-eager,fp16,resnet18-torch-eager-fp16-b1,1,,,7,1.8,2.3849,2.5271,419.21,77.2335,57.7833,0.184192,0.046386,0.000439273,74.8,63,20.0,0,NVIDIA GeForce RTX 4090,580.105.08,2520,3105,450.00,32,20
resnet18,torch-eager,fp16,resnet18-torch-eager-fp16-b1,1,,,8,1.8,2.4311,2.6116,411.24,77.2222,57.7833,0.187734,0.047257,0.000456396,74.8,74,20.0,0,NVIDIA GeForce RTX 4090,580.105.08,2520,3105,450.00,32,21
resnet18,torch-eager,fp16,resnet18-torch-eager-fp16-b16,16,,,1,1.8,2.3878,2.5679,418.7,159.3647,57.3733,0.380532,0.243536,0.000908639,36.0,76,20.0,0,NVIDIA GeForce RTX 4090,580.105.08,2730,3105,450.00,40,49
resnet18,torch-eager,fp16,resnet18-torch-eager-fp16-b16,16,,,2,1.8,2.4153,2.5936,413.94,158.7553,57.3733,0.383434,0.244863,0.000926091,36.1,75,20.0,0,NVIDIA GeForce RTX 4090,580.105.08,2715,3105,450.00,42,48
resnet18,torch-eager,fp16,resnet18-torch-eager-fp16-b16,16,,,3,1.8,2.4503,2.6159,408.02,160.5881,57.3733,0.393489,0.252907,0.000964164,35.7,75,20.0,0,NVIDIA GeForce RTX 4090,580.105.08,2715,3105,450.00,43,47
resnet18,torch-eager,fp16,resnet18-torch-eager-fp16-b16,16,,,4,1.8,2.4422,2.6254,409.38,161.1077,57.3733,0.393452,0.253337,0.000960875,35.6,73,20.0,0,NVIDIA GeForce RTX 4090,580.105.08,2715,3105,450.00,41,50
resnet18,torch-eager,fp16,resnet18-torch-eager-fp16-b16,16,,,5,1.8,2.4513,2.6176,407.85,160.2543,57.3733,0.392838,0.252196,0.00096298,35.8,74,20.0,0,NVIDIA GeForce RTX 4090,580.105.08,2715,3105,450.00,44,47
resnet18,torch-eager,fp16,resnet18-torch-eager-fp16-b16,16,,,6,1.8,2.4632,2.6198,405.88,161.7834,57.3733,0.398508,0.257185,0.000981611,35.5,76,20.0,0,NVIDIA GeForce RTX 4090,580.105.08,2715,3105,450.00,40,13
resnet18,torch-eager,fp16,resnet18-torch-eager-fp16-b16,16,,,7,1.8,2.439,2.6108,409.91,162.3971,57.3733,0.396083,0.256151,0.000966039,35.3,75,20.0,0,NVIDIA GeForce RTX 4090,580.105.08,2715,3105,450.00,44,47
resnet18,torch-eager,fp16,resnet18-torch-eager-fp16-b16,16,,,8,1.8,2.4655,2.6244,405.51,161.47,57.3733,0.398097,0.256646,0.000981489,35.5,73,20.0,0,NVIDIA GeForce RTX 4090,580.105.08,2715,3105,450.00,44,47
mobilenetv3_large,torch-eager,fp32,mobilenetv3_large-torch-eager-fp32-b1,1,,,1,0.44,4.9395,5.2346,202.43,70.5368,57.365,0.348417,0.065062,0.001721006,81.3,76,20.0,0,NVIDIA GeForce RTX 4090,580.105.08,2520,3105,450.00,33,11
mobilenetv3_large,torch-eager,fp32,mobilenetv3_large-torch-eager-fp32-b1,1,,,2,0.44,4.9938,5.3226,200.22,70.3139,57.365,0.351136,0.064664,0.001753512,81.6,75,20.0,0,NVIDIA GeForce RTX 4090,580.105.08,2520,3105,450.00,32,11
mobilenetv3_large,torch-eager,fp32,mobilenetv3_large-torch-eager-fp32-b1,1,,,3,0.44,4.9065,5.1798,203.79,70.2016,57.365,0.344444,0.062983,0.001690019,81.7,76,20.0,0,NVIDIA GeForce RTX 4090,580.105.08,2520,3105,450.00,31,11
mobilenetv3_large,torch-eager,fp32,mobilenetv3_large-torch-eager-fp32-b1,1,,,4,0.44,5.0959,5.3696,196.21,70.0356,57.365,0.356893,0.064568,0.001818684,81.9,72,20.0,0,NVIDIA GeForce RTX 4090,580.105.08,2520,3105,450.00,31,11
mobilenetv3_large,torch-eager,fp32,mobilenetv3_large-torch-eager-fp32-b1,1,,,5,0.44,5.1241,5.3859,195.14,69.6805,57.365,0.357048,0.063106,0.001829542,82.3,73,20.0,0,NVIDIA GeForce RTX 4090,580.105.08,2520,3105,450.00,31,11
mobilenetv3_large,torch-eager,fp32,mobilenetv3_large-torch-eager-fp32-b1,1,,,6,0.44,5.1598,5.3984,193.78,69.7387,57.365,0.359839,0.063846,0.001856701,82.3,70,20.0,0,NVIDIA GeForce RTX 4090,580.105.08,2520,3105,450.00,30,0
mobilenetv3_large,torch-eager,fp32,mobilenetv3_large-torch-eager-fp32-b1,1,,,7,0.44,5.0918,5.3729,196.37,69.8297,57.365,0.355557,0.063467,0.001810411,82.1,71,20.0,0,NVIDIA GeForce RTX 4090,580.105.08,2520,3105,450.00,30,11
mobilenetv3_large,torch-eager,fp32,mobilenetv3_large-torch-eager-fp32-b1,1,,,8,0.44,4.9931,5.3166,200.25,69.6796,57.365,0.34792,0.061489,0.001737217,82.3,76,20.0,0,NVIDIA GeForce RTX 4090,580.105.08,2520,3105,450.00,31,11
mobilenetv3_large,torch-eager,fp32,mobilenetv3_large-torch-eager-fp32-b16,16,,,1,0.44,5.0746,5.3698,197.04,110.5649,56.6,0.561076,0.273852,0.002847256,51.2,77,20.0,0,NVIDIA GeForce RTX 4090,580.105.08,2520,3105,450.00,35,32
mobilenetv3_large,torch-eager,fp32,mobilenetv3_large-torch-eager-fp32-b16,16,,,2,0.44,4.9736,5.2653,201.04,111.7429,56.6,0.555768,0.27426,0.002764183,50.7,72,20.0,0,NVIDIA GeForce RTX 4090,580.105.08,2520,3105,450.00,36,34
mobilenetv3_large,torch-eager,fp32,mobilenetv3_large-torch-eager-fp32-b16,16,,,3,0.44,4.9295,5.1782,202.84,112.9193,56.6,0.556638,0.277627,0.002743961,50.1,72,20.0,0,NVIDIA GeForce RTX 4090,580.105.08,2520,3105,450.00,37,33
mobilenetv3_large,torch-eager,fp32,mobilenetv3_large-torch-eager-fp32-b16,16,,,4,0.44,4.9406,5.2173,202.38,112.8449,56.6,0.557519,0.277882,0.002754468,50.2,76,20.0,0,NVIDIA GeForce RTX 4090,580.105.08,2520,3105,450.00,37,34
mobilenetv3_large,torch-eager,fp32,mobilenetv3_large-torch-eager-fp32-b16,16,,,5,0.44,4.9783,5.2633,200.85,112.1943,56.6,0.558539,0.276766,0.002780583,50.4,74,20.0,0,NVIDIA GeForce RTX 4090,580.105.08,2520,3105,450.00,37,33
mobilenetv3_large,torch-eager,fp32,mobilenetv3_large-torch-eager-fp32-b16,16,,,6,0.44,4.9848,5.2692,200.58,112.2432,56.6,0.559513,0.277372,0.002789078,50.4,75,20.0,0,NVIDIA GeForce RTX 4090,580.105.08,2520,3105,450.00,36,34
mobilenetv3_large,torch-eager,fp32,mobilenetv3_large-torch-eager-fp32-b16,16,,,7,0.44,5.2683,5.5669,189.79,109.8684,56.6,0.578821,0.280635,0.003049411,51.5,76,20.0,0,NVIDIA GeForce RTX 4090,580.105.08,2520,3105,450.00,37,31
mobilenetv3_large,torch-eager,fp32,mobilenetv3_large-torch-eager-fp32-b16,16,,,8,0.44,5.2379,5.545,190.9,110.4863,56.6,0.578712,0.282249,0.00303121,51.2,75,20.0,0,NVIDIA GeForce RTX 4090,580.105.08,2520,3105,450.00,37,32
mobilenetv3_large,torch-eager,fp16,mobilenetv3_large-torch-eager-fp16-b1,1,,,1,0.44,5.6408,5.9725,177.26,69.1434,56.745,0.390026,0.069937,0.002200065,82.1,74,20.0,0,NVIDIA GeForce RTX 4090,580.105.08,2520,3105,450.00,32,0
mobilenetv3_large,torch-eager,fp16,mobilenetv3_large-torch-eager-fp16-b1,1,,,2,0.44,5.8081,6.1594,172.16,68.7325,56.745,0.399204,0.069624,0.002318608,82.6,72,20.0,0,NVIDIA GeForce RTX 4090,580.105.08,2520,3105,450.00,32,12
mobilenetv3_large,torch-eager,fp16,mobilenetv3_large-torch-eager-fp16-b1,1,,,3,0.44,5.8001,6.1518,172.39,68.7796,56.745,0.398928,0.069802,0.002313815,82.5,75,20.0,0,NVIDIA GeForce RTX 4090,580.105.08,2520,3105,450.00,32,11
mobilenetv3_large,torch-eager,fp16,mobilenetv3_large-torch-eager-fp16-b1,1,,,4,0.44,5.8612,6.184,170.59,68.9187,56.745,0.403948,0.071353,0.002367627,82.3,75,20.0,0,NVIDIA GeForce RTX 4090,580.105.08,2520,3105,450.00,32,11
mobilenetv3_large,torch-eager,fp16,mobilenetv3_large-torch-eager-fp16-b1,1,,,5,0.44,5.8531,6.1444,170.83,69.1844,56.745,0.404944,0.072809,0.002370186,82.0,72,20.0,0,NVIDIA GeForce RTX 4090,580.105.08,2520,3105,450.00,31,11
mobilenetv3_large,torch-eager,fp16,mobilenetv3_large-torch-eager-fp16-b1,1,,,6,0.44,5.8812,6.1858,170.02,68.9211,56.745,0.405338,0.07161,0.002383874,82.3,73,20.0,0,NVIDIA GeForce RTX 4090,580.105.08,2520,3105,450.00,31,0
mobilenetv3_large,torch-eager,fp16,mobilenetv3_large-torch-eager-fp16-b1,1,,,7,0.44,5.613,5.9352,178.14,68.7656,56.745,0.385981,0.067471,0.002166508,82.5,77,20.0,0,NVIDIA GeForce RTX 4090,580.105.08,2520,3105,450.00,32,12
mobilenetv3_large,torch-eager,fp16,mobilenetv3_large-torch-eager-fp16-b1,1,,,8,0.44,5.7839,6.1215,172.87,68.7568,56.745,0.397682,0.069475,0.002300155,82.5,74,20.0,0,NVIDIA GeForce RTX 4090,580.105.08,2520,3105,450.00,32,11
mobilenetv3_large,torch-eager,fp16,mobilenetv3_large-torch-eager-fp16-b16,16,,,1,0.44,5.8183,6.1727,171.86,89.7869,56.085,0.522404,0.196087,0.003039479,62.5,75,20.0,0,NVIDIA GeForce RTX 4090,580.105.08,2520,3105,450.00,34,22
mobilenetv3_large,torch-eager,fp16,mobilenetv3_large-torch-eager-fp16-b16,16,,,2,0.44,5.7318,6.0708,174.45,89.8367,56.085,0.514925,0.193458,0.002951448,62.4,75,20.0,0,NVIDIA GeForce RTX 4090,580.105.08,2520,3105,450.00,33,23
mobilenetv3_large,torch-eager,fp16,mobilenetv3_large-torch-eager-fp16-b16,16,,,3,0.44,5.6803,5.9456,176.03,90.5431,56.085,0.51431,0.195732,0.002921424,61.9,77,20.0,0,NVIDIA GeForce RTX 4090,580.105.08,2520,3105,450.00,35,16
mobilenetv3_large,torch-eager,fp16,mobilenetv3_large-torch-eager-fp16-b16,16,,,4,0.44,5.7648,6.0787,173.45,90.6795,56.085,0.522752,0.199431,0.003013576,61.8,75,20.0,0,NVIDIA GeForce RTX 4090,580.105.08,2520,3105,450.00,35,23
mobilenetv3_large,torch-eager,fp16,mobilenetv3_large-torch-eager-fp16-b16,16,,,5,0.44,5.7906,6.1099,172.68,89.9134,56.085,0.520652,0.195887,0.003014888,62.4,74,20.0,0,NVIDIA GeForce RTX 4090,580.105.08,2520,3105,450.00,35,22
mobilenetv3_large,torch-eager,fp16,mobilenetv3_large-torch-eager-fp16-b16,16,,,6,0.44,5.782,6.1304,172.93,90.0307,56.085,0.520553,0.196272,0.003009817,62.3,73,20.0,0,NVIDIA GeForce RTX 4090,580.105.08,2520,3105,450.00,35,22
mobilenetv3_large,torch-eager,fp16,mobilenetv3_large-torch-eager-fp16-b16,16,,,7,0.44,5.6709,5.9274,176.32,90.9514,56.085,0.515774,0.197723,0.002924883,61.7,70,20.0,0,NVIDIA GeForce RTX 4090,580.105.08,2520,3105,450.00,34,24
mobilenetv3_large,torch-eager,fp16,mobilenetv3_large-torch-eager-fp16-b16,16,,,8,0.44,5.7444,6.1384,174.06,90.3707,56.085,0.519126,0.196951,0.002982073,62.1,73,20.0,0,NVIDIA GeForce RTX 4090,580.105.08,2520,3105,450.00,33,0
resnet18,torch-compile,fp32,resnet18-torch-compile-fp32-b1,1,,,1,1.8,1.4797,1.6059,675.57,93.4659,55.505,0.138305,0.056172,0.000204656,59.4,59,20.0,0,NVIDIA GeForce RTX 4090,580.105.08,2520,3105,450.00,33,16
resnet18,torch-compile,fp32,resnet18-torch-compile-fp32-b1,1,,,2,1.8,1.5101,1.6235,661.97,93.1238,55.505,0.140629,0.056809,0.000212367,59.6,60,20.0,0,NVIDIA GeForce RTX 4090,580.105.08,2520,3105,450.00,35,34
resnet18,torch-compile,fp32,resnet18-torch-compile-fp32-b1,1,,,3,1.8,1.4828,1.6098,674.16,93.9627,55.505,0.13933,0.057026,0.000206602,59.1,70,20.0,0,NVIDIA GeForce RTX 4090,580.105.08,2520,3105,450.00,36,35
resnet18,torch-compile,fp32,resnet18-torch-compile-fp32-b1,1,,,4,1.8,1.5279,1.6719,654.27,93.3926,55.505,0.142696,0.057889,0.000218026,59.4,73,20.0,0,NVIDIA GeForce RTX 4090,580.105.08,2520,3105,450.00,36,33
resnet18,torch-compile,fp32,resnet18-torch-compile-fp32-b1,1,,,5,1.8,1.4954,1.6099,668.51,94.3258,55.505,0.141051,0.058051,0.000210922,58.8,73,20.0,0,NVIDIA GeForce RTX 4090,580.105.08,2520,3105,450.00,36,35
resnet18,torch-compile,fp32,resnet18-torch-compile-fp32-b1,1,,,6,1.8,1.4986,1.6166,667.07,93.8793,55.505,0.140686,0.057507,0.000210829,59.1,72,20.0,0,NVIDIA GeForce RTX 4090,580.105.08,2520,3105,450.00,36,35
resnet18,torch-compile,fp32,resnet18-torch-compile-fp32-b1,1,,,7,1.8,1.5221,1.6335,656.76,93.694,55.505,0.142614,0.058128,0.000217076,59.2,75,20.0,0,NVIDIA GeForce RTX 4090,580.105.08,2520,3105,450.00,36,24
resnet18,torch-compile,fp32,resnet18-torch-compile-fp32-b1,1,,,8,1.8,1.4891,1.6095,671.33,94.265,55.505,0.140367,0.057716,0.000209016,58.9,74,20.0,0,NVIDIA GeForce RTX 4090,580.105.08,2520,3105,450.00,36,33
resnet18,torch-compile,fp32,resnet18-torch-compile-fp32-b16,16,,,1,1.8,1.6064,1.6928,622.33,255.0203,64.52,0.409655,0.306013,0.000658055,25.3,74,20.0,0,NVIDIA GeForce RTX 4090,580.105.08,2715,3105,450.00,52,91
resnet18,torch-compile,fp32,resnet18-torch-compile-fp32-b16,16,,,2,1.8,1.6056,1.6807,622.6,265.7393,64.52,0.426681,0.323085,0.000685096,24.3,72,20.0,0,NVIDIA GeForce RTX 4090,580.105.08,2700,3105,450.00,54,26
resnet18,torch-compile,fp32,resnet18-torch-compile-fp32-b16,16,,,3,1.8,1.608,1.6826,621.7,263.8434,64.52,0.42425,0.320505,0.000682179,24.5,53,20.0,0,NVIDIA GeForce RTX 4090,580.105.08,2700,3105,450.00,46,0
resnet18,torch-compile,fp32,resnet18-torch-compile-fp32-b16,16,,,4,1.8,1.6091,1.6856,621.26,266.7132,64.52,0.429172,0.325352,0.000690586,24.2,63,20.0,0,NVIDIA GeForce RTX 4090,580.105.08,2700,3105,450.00,59,91
resnet18,torch-compile,fp32,resnet18-torch-compile-fp32-b16,16,,,5,1.8,1.6124,1.6915,620.0,269.2575,64.52,0.434141,0.330111,0.000699993,24.0,57,20.0,0,NVIDIA GeForce RTX 4090,580.105.08,2700,3105,450.00,50,91
resnet18,torch-compile,fp32,resnet18-torch-compile-fp32-b16,16,,,6,1.8,1.6122,1.697,620.07,269.4626,64.52,0.434428,0.330409,0.000700385,23.9,65,20.0,0,NVIDIA GeForce RTX 4090,580.105.08,2700,3105,450.00,54,60
resnet18,torch-compile,fp32,resnet18-torch-compile-fp32-b16,16,,,7,1.8,1.6089,1.6773,621.36,273.4389,64.52,0.439927,0.336123,0.000707784,23.6,62,20.0,0,NVIDIA GeForce RTX 4090,580.105.08,2700,3105,450.00,60,91
resnet18,torch-compile,fp32,resnet18-torch-compile-fp32-b16,16,,,8,1.8,1.6113,1.6813,620.43,268.1868,64.52,0.432117,0.328159,0.00069625,24.1,71,20.0,0,NVIDIA GeForce RTX 4090,580.105.08,2700,3105,450.00,61,91
resnet18,torch-compile,fp16,resnet18-torch-compile-fp16-b1,1,,,1,1.8,1.3111,1.4362,762.4,77.2096,64.184,0.101231,0.017078,0.000132725,83.1,76,20.0,0,NVIDIA GeForce RTX 4090,580.105.08,2520,3105,450.00,35,19
resnet18,torch-compile,fp16,resnet18-torch-compile-fp16-b1,1,,,2,1.8,1.2788,1.4003,781.66,77.5972,64.184,0.099231,0.017153,0.000126896,82.7,75,20.0,0,NVIDIA GeForce RTX 4090,580.105.08,2520,3105,450.00,35,20
resnet18,torch-compile,fp16,resnet18-torch-compile-fp16-b1,1,,,3,1.8,1.2863,1.3972,777.11,77.7553,64.184,0.100014,0.017456,0.000128644,82.5,75,20.0,0,NVIDIA GeForce RTX 4090,580.105.08,2520,3105,450.00,34,19
resnet18,torch-compile,fp16,resnet18-torch-compile-fp16-b1,1,,,4,1.8,1.2811,1.3961,780.25,77.7666,64.184,0.099627,0.017401,0.000127632,82.5,74,20.0,0,NVIDIA GeForce RTX 4090,580.105.08,2520,3105,450.00,34,20
resnet18,torch-compile,fp16,resnet18-torch-compile-fp16-b1,1,,,5,1.8,1.2744,1.399,784.34,77.8309,64.184,0.099189,0.017392,0.000126408,82.5,74,20.0,0,NVIDIA GeForce RTX 4090,580.105.08,2520,3105,450.00,34,8
resnet18,torch-compile,fp16,resnet18-torch-compile-fp16-b1,1,,,6,1.8,1.2758,1.3986,783.45,77.4368,64.184,0.098798,0.016909,0.000126051,82.9,75,20.0,0,NVIDIA GeForce RTX 4090,580.105.08,2520,3105,450.00,34,21
resnet18,torch-compile,fp16,resnet18-torch-compile-fp16-b1,1,,,7,1.8,1.2777,1.3945,782.32,77.4777,64.184,0.098993,0.016985,0.000126484,82.8,75,20.0,0,NVIDIA GeForce RTX 4090,580.105.08,2520,3105,450.00,34,20
resnet18,torch-compile,fp16,resnet18-torch-compile-fp16-b1,1,,,8,1.8,1.2898,1.4007,775.0,77.9082,64.184,0.100483,0.017701,0.000129598,82.4,77,20.0,0,NVIDIA GeForce RTX 4090,580.105.08,2520,3105,450.00,33,11
resnet18,torch-compile,fp16,resnet18-torch-compile-fp16-b16,16,,,1,1.8,1.2881,1.3901,775.98,176.2851,63.1717,0.227082,0.145707,0.000292515,35.8,74,20.0,0,NVIDIA GeForce RTX 4090,580.105.08,2715,3105,450.00,39,55
resnet18,torch-compile,fp16,resnet18-torch-compile-fp16-b16,16,,,2,1.8,1.312,1.4488,761.89,178.4144,63.1717,0.234072,0.151194,0.000307093,35.4,71,20.0,0,NVIDIA GeForce RTX 4090,580.105.08,2715,3105,450.00,46,56
resnet18,torch-compile,fp16,resnet18-torch-compile-fp16-b16,16,,,3,1.8,1.302,1.4249,767.72,182.9414,63.1717,0.238191,0.155941,0.000310128,34.5,72,20.0,0,NVIDIA GeForce RTX 4090,580.105.08,2715,3105,450.00,43,56
resnet18,torch-compile,fp16,resnet18-torch-compile-fp16-b16,16,,,4,1.8,1.2914,1.3925,774.05,183.4661,63.1717,0.23692,0.155343,0.000305948,34.4,75,20.0,0,NVIDIA GeForce RTX 4090,580.105.08,2715,3105,450.00,48,54
resnet18,torch-compile,fp16,resnet18-torch-compile-fp16-b16,16,,,5,1.8,1.2888,1.3896,775.58,181.2897,63.1717,0.233647,0.152231,0.000301126,34.8,74,20.0,0,NVIDIA GeForce RTX 4090,580.105.08,2715,3105,450.00,48,53
resnet18,torch-compile,fp16,resnet18-torch-compile-fp16-b16,16,,,6,1.8,1.3088,1.4371,763.76,182.3012,63.1717,0.238589,0.155913,0.000312258,34.7,76,20.0,0,NVIDIA GeForce RTX 4090,580.105.08,2715,3105,450.00,45,55
resnet18,torch-compile,fp16,resnet18-torch-compile-fp16-b16,16,,,7,1.8,1.2826,1.3804,779.32,184.1082,63.1717,0.236139,0.155114,0.000302874,34.3,74,20.0,0,NVIDIA GeForce RTX 4090,580.105.08,2715,3105,450.00,49,56
resnet18,torch-compile,fp16,resnet18-torch-compile-fp16-b16,16,,,8,1.8,1.2588,1.3663,794.03,184.5129,63.1717,0.232272,0.152749,0.000292393,34.2,72,20.0,0,NVIDIA GeForce RTX 4090,580.105.08,2715,3105,450.00,49,56
mobilenetv3_large,torch-compile,fp32,mobilenetv3_large-torch-compile-fp32-b1,1,,,1,0.44,3.1334,3.3251,319.09,69.7027,60.115,0.218404,0.030042,0.000684338,86.2,70,20.0,0,NVIDIA GeForce RTX 4090,580.105.08,2520,3105,450.00,33,14
mobilenetv3_large,torch-compile,fp32,mobilenetv3_large-torch-compile-fp32-b1,1,,,2,0.44,3.2103,3.4859,311.44,70.2499,60.115,0.225524,0.032536,0.000724005,85.6,71,20.0,0,NVIDIA GeForce RTX 4090,580.105.08,2520,3105,450.00,33,14
mobilenetv3_large,torch-compile,fp32,mobilenetv3_large-torch-compile-fp32-b1,1,,,3,0.44,3.187,3.4507,313.72,70.0708,60.115,0.223313,0.031729,0.000711693,85.8,73,20.0,0,NVIDIA GeForce RTX 4090,580.105.08,2520,3105,450.00,33,14
mobilenetv3_large,torch-compile,fp32,mobilenetv3_large-torch-compile-fp32-b1,1,,,4,0.44,3.1541,3.3768,316.99,70.5726,60.115,0.222595,0.032985,0.000702091,85.2,73,20.0,0,NVIDIA GeForce RTX 4090,580.105.08,2520,3105,450.00,33,13
mobilenetv3_large,torch-compile,fp32,mobilenetv3_large-torch-compile-fp32-b1,1,,,5,0.44,3.1587,3.3832,316.53,69.6138,60.115,0.219892,0.030004,0.000694583,86.4,71,20.0,0,NVIDIA GeForce RTX 4090,580.105.08,2520,3105,450.00,32,0
mobilenetv3_large,torch-compile,fp32,mobilenetv3_large-torch-compile-fp32-b1,1,,,6,0.44,3.1719,3.4255,315.22,69.5895,60.115,0.220729,0.030052,0.000700123,86.4,73,20.0,0,NVIDIA GeForce RTX 4090,580.105.08,2520,3105,450.00,33,13
mobilenetv3_large,torch-compile,fp32,mobilenetv3_large-torch-compile-fp32-b1,1,,,7,0.44,3.1798,3.4221,314.43,69.9403,60.115,0.222394,0.031242,0.000707163,86.0,70,20.0,0,NVIDIA GeForce RTX 4090,580.105.08,2520,3105,450.00,32,0
mobilenetv3_large,torch-compile,fp32,mobilenetv3_large-torch-compile-fp32-b1,1,,,8,0.44,3.1648,3.3925,315.92,69.7615,60.115,0.220784,0.03053,0.000698745,86.2,72,20.0,0,NVIDIA GeForce RTX 4090,580.105.08,2520,3105,450.00,32,0
mobilenetv3_large,torch-compile,fp32,mobilenetv3_large-torch-compile-fp32-b16,16,,,1,0.44,3.2902,3.5621,303.88,105.0571,64.3917,0.345658,0.133797,0.001137284,61.3,75,20.0,0,NVIDIA GeForce RTX 4090,580.105.08,2520,3105,450.00,36,32
mobilenetv3_large,torch-compile,fp32,mobilenetv3_large-torch-compile-fp32-b16,16,,,2,0.44,3.1703,3.3911,315.38,107.0314,64.3917,0.339318,0.135179,0.001075726,60.2,74,20.0,0,NVIDIA GeForce RTX 4090,580.105.08,2520,3105,450.00,37,32
mobilenetv3_large,torch-compile,fp32,mobilenetv3_large-torch-compile-fp32-b16,16,,,3,0.44,3.1542,3.3269,316.98,108.1421,64.3917,0.341104,0.137999,0.001075919,59.5,72,20.0,0,NVIDIA GeForce RTX 4090,580.105.08,2520,3105,450.00,37,34
mobilenetv3_large,torch-compile,fp32,mobilenetv3_large-torch-compile-fp32-b16,16,,,4,0.44,3.1745,3.4236,314.95,107.9025,64.3917,0.342539,0.138126,0.001087401,59.7,73,20.0,0,NVIDIA GeForce RTX 4090,580.105.08,2520,3105,450.00,34,0
mobilenetv3_large,torch-compile,fp32,mobilenetv3_large-torch-compile-fp32-b16,16,,,5,0.44,3.1452,3.3143,317.89,107.0035,64.3917,0.336548,0.134023,0.001058513,60.2,74,20.0,0,NVIDIA GeForce RTX 4090,580.105.08,2520,3105,450.00,36,34
mobilenetv3_large,torch-compile,fp32,mobilenetv3_large-torch-compile-fp32-b16,16,,,6,0.44,3.1689,3.3846,315.51,107.6203,64.3917,0.341038,0.136987,0.001080715,59.8,70,20.0,0,NVIDIA GeForce RTX 4090,580.105.08,2520,3105,450.00,35,0
mobilenetv3_large,torch-compile,fp32,mobilenetv3_large-torch-compile-fp32-b16,16,,,7,0.44,3.2329,3.5006,309.26,106.9884,64.3917,0.345887,0.137713,0.001118232,60.2,74,20.0,0,NVIDIA GeForce RTX 4090,580.105.08,2520,3105,450.00,34,0
mobilenetv3_large,torch-compile,fp32,mobilenetv3_large-torch-compile-fp32-b16,16,,,8,0.44,3.1854,3.4138,313.87,106.7566,64.3917,0.340065,0.13495,0.001083253,60.3,70,20.0,0,NVIDIA GeForce RTX 4090,580.105.08,2520,3105,450.00,37,32
mobilenetv3_large,torch-compile,fp16,mobilenetv3_large-torch-compile-fp16-b1,1,,,1,0.44,3.1744,3.4129,314.97,67.9753,59.4483,0.215778,0.027068,0.000684956,87.5,74,20.0,0,NVIDIA GeForce RTX 4090,580.105.08,2520,3105,450.00,31,12
mobilenetv3_large,torch-compile,fp16,mobilenetv3_large-torch-compile-fp16-b1,1,,,2,0.44,3.107,3.2854,321.79,68.4904,59.4483,0.212802,0.028094,0.000661184,86.8,73,20.0,0,NVIDIA GeForce RTX 4090,580.105.08,2520,3105,450.00,31,12
mobilenetv3_large,torch-compile,fp16,mobilenetv3_large-torch-compile-fp16-b1,1,,,3,0.44,3.1177,3.31,320.69,68.6078,59.4483,0.213899,0.028556,0.000666875,86.6,76,20.0,0,NVIDIA GeForce RTX 4090,580.105.08,2520,3105,450.00,31,12
mobilenetv3_large,torch-compile,fp16,mobilenetv3_large-torch-compile-fp16-b1,1,,,4,0.44,3.2006,3.4437,312.38,68.7168,59.4483,0.219936,0.029665,0.000703933,86.5,74,20.0,0,NVIDIA GeForce RTX 4090,580.105.08,2520,3105,450.00,31,12
mobilenetv3_large,torch-compile,fp16,mobilenetv3_large-torch-compile-fp16-b1,1,,,5,0.44,3.1264,3.346,319.8,68.5404,59.4483,0.214286,0.028426,0.000669951,86.7,72,20.0,0,NVIDIA GeForce RTX 4090,580.105.08,2520,3105,450.00,31,7
mobilenetv3_large,torch-compile,fp16,mobilenetv3_large-torch-compile-fp16-b1,1,,,6,0.44,3.1304,3.3564,319.39,68.6556,59.4483,0.214919,0.028823,0.000672783,86.6,71,20.0,0,NVIDIA GeForce RTX 4090,580.105.08,2520,3105,450.00,31,11
mobilenetv3_large,torch-compile,fp16,mobilenetv3_large-torch-compile-fp16-b1,1,,,7,0.44,3.1374,3.3522,318.68,69.0579,59.4483,0.21666,0.030149,0.00067974,86.1,67,20.0,0,NVIDIA GeForce RTX 4090,580.105.08,2520,3105,450.00,31,12
mobilenetv3_large,torch-compile,fp16,mobilenetv3_large-torch-compile-fp16-b1,1,,,8,0.44,3.1179,3.2993,320.67,68.9386,59.4483,0.214944,0.02959,0.000670175,86.2,71,20.0,0,NVIDIA GeForce RTX 4090,580.105.08,2520,3105,450.00,31,7
mobilenetv3_large,torch-compile,fp16,mobilenetv3_large-torch-compile-fp16-b16,16,,,1,0.44,3.2306,3.4198,309.49,89.2161,58.185,0.288222,0.100249,0.000931134,65.2,71,20.0,0,NVIDIA GeForce RTX 4090,580.105.08,2520,3105,450.00,34,22
mobilenetv3_large,torch-compile,fp16,mobilenetv3_large-torch-compile-fp16-b16,16,,,2,0.44,3.3112,3.5854,301.95,90.0319,58.185,0.298117,0.105452,0.000987133,64.6,68,20.0,0,NVIDIA GeForce RTX 4090,580.105.08,2520,3105,450.00,34,21
mobilenetv3_large,torch-compile,fp16,mobilenetv3_large-torch-compile-fp16-b16,16,,,3,0.44,3.3631,3.6196,297.29,89.0668,58.185,0.299543,0.103859,0.001007399,65.3,73,20.0,0,NVIDIA GeForce RTX 4090,580.105.08,2520,3105,450.00,35,21
mobilenetv3_large,torch-compile,fp16,mobilenetv3_large-torch-compile-fp16-b16,16,,,4,0.44,3.4072,3.6486,293.44,88.682,58.185,0.302158,0.10391,0.001029515,65.6,70,20.0,0,NVIDIA GeForce RTX 4090,580.105.08,2520,3105,450.00,34,21
mobilenetv3_large,torch-compile,fp16,mobilenetv3_large-torch-compile-fp16-b16,16,,,5,0.44,3.3614,3.6158,297.45,89.311,58.185,0.300209,0.104627,0.001009121,65.1,73,20.0,0,NVIDIA GeForce RTX 4090,580.105.08,2520,3105,450.00,34,2
mobilenetv3_large,torch-compile,fp16,mobilenetv3_large-torch-compile-fp16-b16,16,,,6,0.44,3.3889,3.6233,295.03,88.7005,58.185,0.300596,0.103414,0.001018688,65.6,76,20.0,0,NVIDIA GeForce RTX 4090,580.105.08,2520,3105,450.00,34,0
mobilenetv3_large,torch-compile,fp16,mobilenetv3_large-torch-compile-fp16-b16,16,,,7,0.44,3.361,3.6084,297.48,88.8871,58.185,0.298752,0.103191,0.001004116,65.5,68,20.0,0,NVIDIA GeForce RTX 4090,580.105.08,2520,3105,450.00,35,22
mobilenetv3_large,torch-compile,fp16,mobilenetv3_large-torch-compile-fp16-b16,16,,,8,0.44,3.3411,3.5983,299.25,90.0132,58.185,0.300747,0.106342,0.001004836,64.6,69,20.0,0,NVIDIA GeForce RTX 4090,580.105.08,2520,3105,450.00,36,22
